timestamp,2.,2.1,5.,5.1,6.,6.1,8.,8.1,9.,9.1,14.,14.1,18.,18.1,23.,23.1,25.,25.1,28.,28.1,33.,33.1,34.,34.1
1769447062.854711,None,0.00,None,1.67,None,0.00,None,0.00,None,0.00,None,0.00,None,0.00,None,3.33,None,4.33,None,0.00,None,0.00,None,0.00
1769447062.855263,None,0.00,None,1.67,None,0.00,None,0.00,None,0.00,None,0.00,None,0.00,None,3.33,None,4.33,None,0.00,None,0.00,None,0.00
1769447063.0756657,None,0.00,None,1.67,None,0.00,None,0.00,None,0.00,None,0.00,None,0.00,None,3.33,None,4.33,None,9.00,None,0.00,None,0.00
1769447063.076115,None,0.00,None,1.67,None,0.00,None,0.00,None,0.00,None,0.00,None,0.00,None,3.33,None,4.33,None,9.00,None,0.00,None,0.00
1769447063.2935452,None,0.00,None,3.34,None,0.00,None,4.00,None,0.00,None,0.00,None,0.00,None,6.66,None,4.33,None,9.00,None,0.00,None,0.00
1769447063.294018,None,0.00,None,3.34,None,0.00,None,4.00,None,0.00,None,0.00,None,0.00,None,6.66,None,4.33,None,9.00,None,0.00,None,0.00
1769447063.509586,None,0.00,None,3.34,None,0.00,None,4.00,None,0.00,None,4.33,None,0.00,None,8.33,None,4.33,None,9.00,None,0.00,None,0.00
1769447063.5100586,None,0.00,None,3.34,None,0.00,None,4.00,None,0.00,None,4.33,None,0.00,None,8.33,None,4.33,None,9.00,None,0.00,None,0.00
1769447063.7144527,None,0.00,None,3.34,None,0.00,None,4.00,None,4.33,None,4.33,None,1.67,None,11.66,None,4.33,None,9.00,None,0.00,None,0.00
1769447063.7149582,None,0.00,None,3.34,None,0.00,None,4.00,None,4.33,None,4.33,None,1.67,None,11.66,None,4.33,None,9.00,None,0.00,None,0.00
1769447064.0225728,None,0.00,None,6.67,None,0.00,None,4.00,None,13.00,None,4.33,None,1.67,None,11.66,None,4.33,None,9.00,None,0.00,None,0.00
1769447064.0230825,None,0.00,None,6.67,None,0.00,None,4.00,None,13.00,None,4.33,None,1.67,None,11.66,None,4.33,None,9.00,None,0.00,None,0.00
1769447075.6777706,None,0.00,None,3.34,None,0.00,None,4.00,None,None,None,4.33,None,0.00,None,11.66,None,13.33,None,9.00,None,0.00,None,0.00
1769447075.6783185,None,0.00,None,3.34,None,0.00,None,4.00,None,None,None,4.33,None,0.00,None,11.66,None,13.33,None,9.00,None,0.00,None,0.00
1769447075.8919733,None,0.00,None,3.34,None,0.00,None,4.00,None,None,None,8.33,None,0.00,None,11.66,None,13.33,None,13.33,None,0.00,None,0.00
1769447075.8924897,None,0.00,None,3.34,None,0.00,None,4.00,None,None,None,8.33,None,0.00,None,11.66,None,13.33,None,13.33,None,0.00,None,0.00
1769447086.8666856,None,3.33,None,3.34,None,0.00,None,4.00,None,None,None,8.33,None,0.00,None,11.66,None,13.33,None,13.33,None,0.00,None,0.00
1769447086.8672063,None,3.33,None,3.34,None,0.00,None,4.00,None,None,None,8.33,None,0.00,None,11.66,None,13.33,None,13.33,None,0.00,None,0.00
1769447087.0779722,None,5.00,None,6.67,None,0.00,None,4.00,None,None,None,8.33,None,13.33,None,11.66,None,13.33,None,13.33,None,0.00,None,0.00
1769447087.0785007,None,5.00,None,6.67,None,0.00,None,4.00,None,None,None,8.33,None,13.33,None,11.66,None,13.33,None,13.33,None,0.00,None,0.00
1769447087.2764134,None,8.33,None,6.67,None,0.00,None,4.00,None,None,None,8.33,None,13.33,None,11.66,None,13.33,None,13.33,None,0.00,None,0.00
1769447087.2769587,None,8.33,None,6.67,None,0.00,None,4.00,None,None,None,8.33,None,13.33,None,11.66,None,13.33,None,13.33,None,0.00,None,0.00
1769447087.4839437,None,11.66,None,6.67,None,0.00,None,4.00,None,None,None,8.33,None,13.33,None,11.66,None,17.33,None,13.33,None,4.33,None,1.67
1769447087.4844983,None,11.66,None,6.67,None,0.00,None,4.00,None,None,None,8.33,None,13.33,None,11.66,None,17.33,None,13.33,None,4.33,None,1.67
1769447087.6937354,None,11.66,None,6.67,None,0.00,None,4.00,None,None,None,8.33,None,13.33,None,11.66,None,17.33,None,17.66,None,6.00,None,1.67
1769447087.6943266,None,11.66,None,6.67,None,0.00,None,4.00,None,None,None,8.33,None,13.33,None,11.66,None,17.33,None,17.66,None,6.00,None,1.67
1769447087.8835382,None,13.33,None,6.67,None,8.67,None,4.00,None,None,None,8.33,None,13.33,None,11.66,None,17.33,None,17.66,None,6.00,None,1.67
1769447087.884136,None,13.33,None,6.67,None,8.67,None,4.00,None,None,None,8.33,None,13.33,None,11.66,None,17.33,None,17.66,None,6.00,None,1.67
1769447097.9079175,None,22.00,None,6.67,None,8.67,None,4.00,None,0.00,None,8.33,None,13.33,None,11.66,None,17.33,None,8.66,None,6.00,None,1.67
1769447097.9087143,None,22.00,None,6.67,None,8.67,None,4.00,None,0.00,None,8.33,None,13.33,None,11.66,None,17.33,None,8.66,None,6.00,None,1.67
1769447101.9812198,None,23.66,None,None,None,8.67,None,0.00,None,0.00,None,8.33,None,0.00,None,1.67,None,4.00,None,4.33,None,4.33,None,1.67
1769447101.981768,None,23.66,None,None,None,8.67,None,0.00,None,0.00,None,8.33,None,0.00,None,1.67,None,4.00,None,4.33,None,4.33,None,1.67
1769447102.2060387,None,23.66,None,None,None,8.67,None,0.00,None,0.00,None,8.33,None,9.00,None,5.00,None,4.00,None,4.33,None,4.33,None,1.67
1769447102.206569,None,23.66,None,None,None,8.67,None,0.00,None,0.00,None,8.33,None,9.00,None,5.00,None,4.00,None,4.33,None,4.33,None,1.67
1769447102.425611,None,23.66,None,None,None,8.67,None,0.00,None,0.00,None,8.33,None,9.00,None,8.33,None,4.00,None,4.33,None,4.33,None,1.67
1769447102.4261773,None,23.66,None,None,None,8.67,None,0.00,None,0.00,None,8.33,None,9.00,None,8.33,None,4.00,None,4.33,None,4.33,None,1.67
1769447102.6502454,None,23.66,None,None,None,8.67,None,0.00,None,4.33,None,8.33,None,9.00,None,8.33,None,4.00,None,4.33,None,7.66,None,1.67
1769447102.650951,None,23.66,None,None,None,8.67,None,0.00,None,4.33,None,8.33,None,9.00,None,8.33,None,4.00,None,4.33,None,7.66,None,1.67
1769447102.8636441,None,27.99,None,None,None,8.67,None,0.00,None,4.33,None,8.33,None,9.00,None,10.00,None,4.00,None,13.00,None,7.66,None,1.67
1769447102.8642266,None,27.99,None,None,None,8.67,None,0.00,None,4.33,None,8.33,None,9.00,None,10.00,None,4.00,None,13.00,None,7.66,None,1.67
1769447105.8733037,None,27.99,None,None,None,12.00,None,4.00,None,4.33,None,8.33,None,9.00,None,10.00,None,12.67,None,13.00,None,7.66,None,1.67
1769447105.873891,None,27.99,None,None,None,12.00,None,4.00,None,4.33,None,8.33,None,9.00,None,10.00,None,12.67,None,13.00,None,7.66,None,1.67
1769447106.2020397,None,29.66,None,None,None,12.00,None,4.00,None,4.33,None,8.33,None,9.00,None,19.00,None,12.67,None,13.00,None,7.66,None,5.00
1769447106.202881,None,29.66,None,None,None,12.00,None,4.00,None,4.33,None,8.33,None,9.00,None,19.00,None,12.67,None,13.00,None,7.66,None,5.00
1769447106.4042985,None,29.66,None,None,None,12.00,None,4.00,None,4.33,None,8.33,None,9.00,None,19.00,None,12.67,None,21.67,None,10.99,None,5.00
1769447106.404915,None,29.66,None,None,None,12.00,None,4.00,None,4.33,None,8.33,None,9.00,None,19.00,None,12.67,None,21.67,None,10.99,None,5.00
1769447106.6075652,None,29.66,None,None,None,12.00,None,7.33,None,4.33,None,8.33,None,9.00,None,19.00,None,12.67,None,21.67,None,10.99,None,5.00
1769447106.608196,None,29.66,None,None,None,12.00,None,7.33,None,4.33,None,8.33,None,9.00,None,19.00,None,12.67,None,21.67,None,10.99,None,5.00
1769447106.816707,None,29.66,None,None,None,12.00,None,11.66,None,4.33,None,17.00,None,9.00,None,19.00,None,12.67,None,21.67,None,10.99,None,5.00
1769447106.8173523,None,29.66,None,None,None,12.00,None,11.66,None,4.33,None,17.00,None,9.00,None,19.00,None,12.67,None,21.67,None,10.99,None,5.00
1769447107.026279,None,29.66,None,None,None,12.00,None,11.66,None,7.66,None,17.00,None,9.00,None,19.00,None,12.67,None,21.67,None,12.66,None,5.00
1769447107.0269296,None,29.66,None,None,None,12.00,None,11.66,None,7.66,None,17.00,None,9.00,None,19.00,None,12.67,None,21.67,None,12.66,None,5.00
1769447111.2079296,None,13.33,None,None,None,12.00,None,7.33,None,7.66,None,0.00,None,3.33,None,None,None,12.67,None,4.33,None,9.33,None,5.00
1769447111.2086864,None,13.33,None,None,None,12.00,None,7.33,None,7.66,None,0.00,None,3.33,None,None,None,12.67,None,4.33,None,9.33,None,5.00
1769447111.4257574,None,22.00,None,None,None,12.00,None,7.33,None,7.66,None,4.33,None,3.33,None,None,None,12.67,None,4.33,None,9.33,None,10.00
1769447111.4263353,None,22.00,None,None,None,12.00,None,7.33,None,7.66,None,4.33,None,3.33,None,None,None,12.67,None,4.33,None,9.33,None,10.00
1769447111.641361,None,22.00,None,None,None,12.00,None,16.33,None,7.66,None,4.33,None,3.33,None,None,None,16.00,None,14.67,None,13.66,None,10.00
1769447111.641968,None,22.00,None,None,None,12.00,None,16.33,None,7.66,None,4.33,None,3.33,None,None,None,16.00,None,14.67,None,13.66,None,10.00
1769447111.7940621,None,22.00,None,None,None,12.00,None,16.33,None,7.66,None,4.33,None,3.33,None,None,None,16.00,None,14.67,None,13.66,None,10.00
1769447111.7946854,None,22.00,None,None,None,12.00,None,16.33,None,7.66,None,4.33,None,3.33,None,None,None,16.00,None,14.67,None,13.66,None,10.00
1769447112.0041385,None,22.00,None,None,None,12.00,None,20.66,None,7.66,None,17.00,None,3.33,None,None,None,16.00,None,14.67,None,13.66,None,10.00
1769447112.0047429,None,22.00,None,None,None,12.00,None,20.66,None,7.66,None,17.00,None,3.33,None,None,None,16.00,None,14.67,None,13.66,None,10.00
1769447112.1857607,None,25.33,None,None,None,12.00,None,24.99,None,7.66,None,17.00,None,12.33,None,None,None,16.00,None,16.34,None,13.66,None,10.00
1769447112.1866028,None,25.33,None,None,None,12.00,None,24.99,None,7.66,None,17.00,None,12.33,None,None,None,16.00,None,16.34,None,13.66,None,10.00
1769447112.3886952,None,25.33,None,None,None,12.00,None,26.66,None,7.66,None,17.00,None,12.33,None,None,None,16.00,None,16.34,None,13.66,None,10.00
1769447112.3895357,None,25.33,None,None,None,12.00,None,26.66,None,7.66,None,17.00,None,12.33,None,None,None,16.00,None,16.34,None,13.66,None,10.00
1769447112.7392678,None,25.33,None,None,None,12.00,None,26.66,None,16.66,None,25.67,None,12.33,None,None,None,16.00,None,19.67,None,13.66,None,10.00
1769447112.739921,None,25.33,None,None,None,12.00,None,26.66,None,16.66,None,25.67,None,12.33,None,None,None,16.00,None,19.67,None,13.66,None,10.00
1769447126.9797084,None,25.33,None,0.00,None,12.00,None,26.66,None,None,None,25.67,None,9.00,None,None,None,16.00,None,12.01,None,8.66,None,10.00
1769447126.9803236,None,25.33,None,0.00,None,12.00,None,26.66,None,None,None,25.67,None,9.00,None,None,None,16.00,None,12.01,None,8.66,None,10.00
1769447127.1751602,None,29.66,None,0.00,None,12.00,None,26.66,None,None,None,34.34,None,10.67,None,None,None,16.00,None,21.01,None,8.66,None,10.00
1769447127.1758244,None,29.66,None,0.00,None,12.00,None,26.66,None,None,None,34.34,None,10.67,None,None,None,16.00,None,21.01,None,8.66,None,10.00
1769447127.3734798,None,29.66,None,3.33,None,12.00,None,26.66,None,None,None,34.34,None,10.67,None,None,None,24.67,None,21.01,None,8.66,None,10.00
1769447127.374351,None,29.66,None,3.33,None,12.00,None,26.66,None,None,None,34.34,None,10.67,None,None,None,24.67,None,21.01,None,8.66,None,10.00
1769447127.5735753,None,29.66,None,12.33,None,12.00,None,26.66,None,None,None,38.67,None,10.67,None,None,None,24.67,None,21.01,None,8.66,None,10.00
1769447127.5742352,None,29.66,None,12.33,None,12.00,None,26.66,None,None,None,38.67,None,10.67,None,None,None,24.67,None,21.01,None,8.66,None,10.00
1769447128.8521967,None,29.66,None,12.33,None,12.00,None,26.66,None,None,None,38.67,None,10.67,None,None,None,24.67,None,21.01,None,8.66,None,10.00
1769447128.8528492,None,29.66,None,12.33,None,12.00,None,26.66,None,None,None,38.67,None,10.67,None,None,None,24.67,None,21.01,None,8.66,None,10.00
1769447129.043344,None,29.66,None,12.33,None,12.00,None,26.66,None,None,None,38.67,None,10.67,None,None,None,24.67,None,28.67,None,8.66,None,10.00
1769447129.0439906,None,29.66,None,12.33,None,12.00,None,26.66,None,None,None,38.67,None,10.67,None,None,None,24.67,None,28.67,None,8.66,None,10.00
1769447129.2124643,None,29.66,None,12.33,None,12.00,None,26.66,None,None,None,38.67,None,10.67,None,None,None,24.67,None,32.67,None,8.66,None,10.00
1769447129.213128,None,29.66,None,12.33,None,12.00,None,26.66,None,None,None,38.67,None,10.67,None,None,None,24.67,None,32.67,None,8.66,None,10.00
1769447129.394708,None,29.66,None,21.00,None,12.00,None,26.66,None,None,None,38.67,None,12.34,None,None,None,24.67,None,32.67,None,8.66,None,10.00
1769447129.3954394,None,29.66,None,21.00,None,12.00,None,26.66,None,None,None,38.67,None,12.34,None,None,None,24.67,None,32.67,None,8.66,None,10.00
1769447129.5992622,None,29.66,None,21.00,None,12.00,None,39.66,None,None,None,38.67,None,12.34,None,None,None,24.67,None,34.34,None,8.66,None,10.00
1769447129.599963,None,29.66,None,21.00,None,12.00,None,39.66,None,None,None,38.67,None,12.34,None,None,None,24.67,None,34.34,None,8.66,None,10.00
1769447129.8036454,None,29.66,None,21.00,None,12.00,None,39.66,None,None,None,38.67,None,12.34,None,None,None,28.00,None,34.34,None,8.66,None,10.00
1769447129.80446,None,29.66,None,21.00,None,12.00,None,39.66,None,None,None,38.67,None,12.34,None,None,None,28.00,None,34.34,None,8.66,None,10.00
1769447133.2334645,None,26.33,None,21.00,None,12.00,None,36.99,None,None,None,30.00,None,7.67,None,12.33,None,28.00,None,32.67,None,8.66,None,10.00
1769447133.2341623,None,26.33,None,21.00,None,12.00,None,36.99,None,None,None,30.00,None,7.67,None,12.33,None,28.00,None,32.67,None,8.66,None,10.00
1769447133.412858,None,26.33,None,21.00,None,12.00,None,36.99,None,None,None,38.67,None,7.67,None,12.33,None,28.00,None,32.67,None,8.66,None,10.00
1769447133.4135783,None,26.33,None,21.00,None,12.00,None,36.99,None,None,None,38.67,None,7.67,None,12.33,None,28.00,None,32.67,None,8.66,None,10.00
1769447133.6160357,None,26.33,None,21.00,None,12.00,None,36.99,None,None,None,42.00,None,7.67,None,12.33,None,36.67,None,34.34,None,8.66,None,10.00
1769447133.6167746,None,26.33,None,21.00,None,12.00,None,36.99,None,None,None,42.00,None,7.67,None,12.33,None,36.67,None,34.34,None,8.66,None,10.00
1769447135.4944932,None,23.00,None,25.33,None,12.00,None,33.66,None,None,None,30.00,None,7.67,None,None,None,25.67,None,32.67,None,4.33,None,8.33
1769447135.4952064,None,23.00,None,25.33,None,12.00,None,33.66,None,None,None,30.00,None,7.67,None,None,None,25.67,None,32.67,None,4.33,None,8.33
1769447135.714363,None,23.00,None,25.33,None,12.00,None,33.66,None,None,None,30.00,None,7.67,None,None,None,25.67,None,32.67,None,4.33,None,8.33
1769447135.7150416,None,23.00,None,25.33,None,12.00,None,33.66,None,None,None,30.00,None,7.67,None,None,None,25.67,None,32.67,None,4.33,None,8.33
1769447135.9159002,None,23.00,None,25.33,None,12.00,None,46.99,None,None,None,30.00,None,7.67,None,None,None,25.67,None,32.67,None,4.33,None,8.33
1769447135.916574,None,23.00,None,25.33,None,12.00,None,46.99,None,None,None,30.00,None,7.67,None,None,None,25.67,None,32.67,None,4.33,None,8.33
1769447136.1161115,None,23.00,None,25.33,None,12.00,None,46.99,None,None,None,30.00,None,7.67,None,None,None,29.67,None,41.34,None,4.33,None,8.33
1769447136.1167967,None,23.00,None,25.33,None,12.00,None,46.99,None,None,None,30.00,None,7.67,None,None,None,29.67,None,41.34,None,4.33,None,8.33
1769447136.31515,None,24.67,None,25.33,None,12.00,None,46.99,None,None,None,30.00,None,12.00,None,None,None,29.67,None,41.34,None,4.33,None,8.33
1769447136.3159928,None,24.67,None,25.33,None,12.00,None,46.99,None,None,None,30.00,None,12.00,None,None,None,29.67,None,41.34,None,4.33,None,8.33
1769447138.0762494,None,23.00,None,25.33,None,12.00,None,46.99,None,None,None,33.33,None,7.67,None,None,None,38.34,None,41.34,None,4.33,None,8.33
1769447138.0769622,None,23.00,None,25.33,None,12.00,None,46.99,None,None,None,33.33,None,7.67,None,None,None,38.34,None,41.34,None,4.33,None,8.33
1769447151.923097,None,26.33,None,25.33,None,12.00,None,46.99,None,8.67,None,33.33,None,7.67,None,None,None,38.34,None,41.34,None,4.33,None,8.33
1769447151.923822,None,26.33,None,25.33,None,12.00,None,46.99,None,8.67,None,33.33,None,7.67,None,None,None,38.34,None,41.34,None,4.33,None,8.33
1769447152.282227,None,26.33,None,25.33,None,12.00,None,46.99,None,8.67,None,33.33,None,7.67,None,None,None,38.34,None,41.34,None,4.33,None,8.33
1769447152.2829683,None,26.33,None,25.33,None,12.00,None,46.99,None,8.67,None,33.33,None,7.67,None,None,None,38.34,None,41.34,None,4.33,None,8.33
1769447152.4878063,None,26.33,None,25.33,None,12.00,None,46.99,None,8.67,None,33.33,None,7.67,None,None,None,38.34,None,41.34,None,4.33,None,8.33
1769447152.4885554,None,26.33,None,25.33,None,12.00,None,46.99,None,8.67,None,33.33,None,7.67,None,None,None,38.34,None,41.34,None,4.33,None,8.33
1769447152.7075,None,26.33,None,25.33,None,12.00,None,46.99,None,8.67,None,33.33,None,7.67,None,None,None,38.34,None,41.34,None,13.33,None,10.00
1769447152.7083821,None,26.33,None,25.33,None,12.00,None,46.99,None,8.67,None,33.33,None,7.67,None,None,None,38.34,None,41.34,None,13.33,None,10.00
1769447152.9057286,None,26.33,None,25.33,None,12.00,None,46.99,None,8.67,None,33.33,None,7.67,None,None,None,38.34,None,41.34,None,13.33,None,10.00
1769447152.9064887,None,26.33,None,25.33,None,12.00,None,46.99,None,8.67,None,33.33,None,7.67,None,None,None,38.34,None,41.34,None,13.33,None,10.00
1769447153.1417675,None,17.66,None,21.00,None,12.00,None,30.00,None,8.67,None,29.00,None,3.34,None,None,None,33.34,None,31.00,None,9.00,None,5.00
1769447153.1424327,None,17.66,None,21.00,None,12.00,None,30.00,None,8.67,None,29.00,None,3.34,None,None,None,33.34,None,31.00,None,9.00,None,5.00
1769447153.369939,None,17.66,None,21.00,None,12.00,None,34.33,None,8.67,None,32.33,None,3.34,None,None,None,33.34,None,31.00,None,9.00,None,5.00
1769447153.3706143,None,17.66,None,21.00,None,12.00,None,34.33,None,8.67,None,32.33,None,3.34,None,None,None,33.34,None,31.00,None,9.00,None,5.00
1769447153.574378,None,17.66,None,21.00,None,12.00,None,43.33,None,8.67,None,32.33,None,3.34,None,None,None,42.01,None,31.00,None,9.00,None,9.33
1769447153.5750928,None,17.66,None,21.00,None,12.00,None,43.33,None,8.67,None,32.33,None,3.34,None,None,None,42.01,None,31.00,None,9.00,None,9.33
1769447153.7931638,None,17.66,None,22.67,None,12.00,None,43.33,None,8.67,None,32.33,None,3.34,None,None,None,50.68,None,35.33,None,9.00,None,9.33
1769447153.7941124,None,17.66,None,22.67,None,12.00,None,43.33,None,8.67,None,32.33,None,3.34,None,None,None,50.68,None,35.33,None,9.00,None,9.33
1769447153.97109,None,17.66,None,22.67,None,12.00,None,43.33,None,8.67,None,32.33,None,3.34,None,None,None,50.68,None,35.33,None,9.00,None,9.33
1769447153.9717925,None,17.66,None,22.67,None,12.00,None,43.33,None,8.67,None,32.33,None,3.34,None,None,None,50.68,None,35.33,None,9.00,None,9.33
1769447154.3164346,None,19.33,None,26.00,None,12.00,None,43.33,None,13.00,None,32.33,None,3.34,None,None,None,50.68,None,35.33,None,9.00,None,9.33
1769447154.317132,None,19.33,None,26.00,None,12.00,None,43.33,None,13.00,None,32.33,None,3.34,None,None,None,50.68,None,35.33,None,9.00,None,9.33
1769447158.1347566,None,24.67,None,21.33,None,12.00,None,43.33,None,13.00,None,28.00,None,5.01,None,9.00,None,50.68,None,35.33,None,9.00,None,9.33
1769447158.1354904,None,24.67,None,21.33,None,12.00,None,43.33,None,13.00,None,28.00,None,5.01,None,9.00,None,50.68,None,35.33,None,9.00,None,9.33
1769447158.338631,None,24.67,None,21.33,None,12.00,None,43.33,None,13.00,None,28.00,None,10.01,None,9.00,None,50.68,None,35.33,None,9.00,None,9.33
1769447158.339336,None,24.67,None,21.33,None,12.00,None,43.33,None,13.00,None,28.00,None,10.01,None,9.00,None,50.68,None,35.33,None,9.00,None,9.33
1769447177.9464884,None,29.00,None,21.33,None,12.00,None,43.33,None,13.00,None,36.67,None,10.01,None,9.00,None,50.68,None,35.33,None,12.33,None,9.33
1769447177.9473803,None,29.00,None,21.33,None,12.00,None,43.33,None,13.00,None,36.67,None,10.01,None,9.00,None,50.68,None,35.33,None,12.33,None,9.33
1769447178.106401,None,29.00,None,21.33,None,12.00,None,43.33,None,13.00,None,36.67,None,10.01,None,9.00,None,50.68,None,35.33,None,12.33,None,9.33
1769447178.1071422,None,29.00,None,21.33,None,12.00,None,43.33,None,13.00,None,36.67,None,10.01,None,9.00,None,50.68,None,35.33,None,12.33,None,9.33
1769447178.285767,None,29.00,None,30.00,None,12.00,None,43.33,None,13.00,None,36.67,None,13.34,None,9.00,None,50.68,None,35.33,None,12.33,None,9.33
1769447178.2867587,None,29.00,None,30.00,None,12.00,None,43.33,None,13.00,None,36.67,None,13.34,None,9.00,None,50.68,None,35.33,None,12.33,None,9.33
1769447178.4552464,None,29.00,None,30.00,None,12.00,None,43.33,None,13.00,None,36.67,None,13.34,None,9.00,None,50.68,None,35.33,None,12.33,None,9.33
1769447178.455983,None,29.00,None,30.00,None,12.00,None,43.33,None,13.00,None,36.67,None,13.34,None,9.00,None,50.68,None,35.33,None,12.33,None,9.33
1769447178.7454386,None,29.00,None,30.00,None,12.00,None,43.33,None,13.00,None,36.67,None,13.34,None,9.00,None,50.68,None,35.33,None,12.33,None,9.33
1769447178.7461922,None,29.00,None,30.00,None,12.00,None,43.33,None,13.00,None,36.67,None,13.34,None,9.00,None,50.68,None,35.33,None,12.33,None,9.33
1769447178.951473,None,29.00,None,28.34,None,12.00,None,43.33,None,13.00,None,41.00,None,13.34,None,17.67,None,42.01,None,35.33,None,12.33,None,9.33
1769447178.9523225,None,29.00,None,28.34,None,12.00,None,43.33,None,13.00,None,41.00,None,13.34,None,17.67,None,42.01,None,35.33,None,12.33,None,9.33
1769447179.1651225,None,29.00,None,28.34,None,12.00,None,43.33,None,13.00,None,41.00,None,13.34,None,17.67,None,42.01,None,35.33,None,12.33,None,9.33
1769447179.1658401,None,29.00,None,28.34,None,12.00,None,43.33,None,13.00,None,41.00,None,13.34,None,17.67,None,42.01,None,35.33,None,12.33,None,9.33
1769447179.3610158,None,29.00,None,28.34,None,12.00,None,43.33,None,13.00,None,41.00,None,13.34,None,17.67,None,42.01,None,35.33,None,12.33,None,9.33
1769447179.361755,None,29.00,None,28.34,None,12.00,None,43.33,None,13.00,None,41.00,None,13.34,None,17.67,None,42.01,None,35.33,None,12.33,None,9.33
1769447183.9750595,None,24.00,None,28.34,None,3.33,None,43.33,None,17.33,None,50.00,None,13.34,None,17.67,None,42.01,None,35.33,None,12.33,None,9.33
1769447183.9758067,None,24.00,None,28.34,None,3.33,None,43.33,None,17.33,None,50.00,None,13.34,None,17.67,None,42.01,None,35.33,None,12.33,None,9.33
1769447184.18367,None,24.00,None,28.34,None,7.66,None,43.33,None,19.00,None,50.00,None,13.34,None,17.67,None,42.01,None,35.33,None,12.33,None,9.33
1769447184.1843894,None,24.00,None,28.34,None,7.66,None,43.33,None,19.00,None,50.00,None,13.34,None,17.67,None,42.01,None,35.33,None,12.33,None,9.33
1769447206.9755228,None,24.00,None,26.67,None,3.33,None,21.33,None,13.00,None,36.01,None,8.34,None,22.00,None,16.00,None,31.00,None,12.33,None,5.00
1769447206.9763112,None,24.00,None,26.67,None,3.33,None,21.33,None,13.00,None,36.01,None,8.34,None,22.00,None,16.00,None,31.00,None,12.33,None,5.00
1769447207.193637,None,24.00,None,26.67,None,12.33,None,25.66,None,13.00,None,39.34,None,8.34,None,22.00,None,16.00,None,31.00,None,12.33,None,5.00
1769447207.1942785,None,24.00,None,26.67,None,12.33,None,25.66,None,13.00,None,39.34,None,8.34,None,22.00,None,16.00,None,31.00,None,12.33,None,5.00
1769447207.4004593,None,24.00,None,26.67,None,12.33,None,34.66,None,13.00,None,42.67,None,8.34,None,22.00,None,29.00,None,32.67,None,12.33,None,5.00
1769447207.4011548,None,24.00,None,26.67,None,12.33,None,34.66,None,13.00,None,42.67,None,8.34,None,22.00,None,29.00,None,32.67,None,12.33,None,5.00
1769447207.6206598,None,24.00,None,26.67,None,12.33,None,34.66,None,13.00,None,46.00,None,12.67,None,22.00,None,29.00,None,41.67,None,12.33,None,5.00
1769447207.6213205,None,24.00,None,26.67,None,12.33,None,34.66,None,13.00,None,46.00,None,12.67,None,22.00,None,29.00,None,41.67,None,12.33,None,5.00
1769447208.0823748,None,24.00,None,26.67,None,12.33,None,34.66,None,13.00,None,46.00,None,12.67,None,22.00,None,29.00,None,41.67,None,12.33,None,5.00
1769447208.0833173,None,24.00,None,26.67,None,12.33,None,34.66,None,13.00,None,46.00,None,12.67,None,22.00,None,29.00,None,41.67,None,12.33,None,5.00
1769447208.294137,None,15.33,None,20.67,None,12.33,None,34.66,None,13.00,None,45.00,None,11.00,None,13.33,None,29.00,None,50.34,None,12.33,None,6.67
1769447208.2947996,None,15.33,None,20.67,None,12.33,None,34.66,None,13.00,None,45.00,None,11.00,None,13.33,None,29.00,None,50.34,None,12.33,None,6.67
1769447215.6133046,None,17.99,None,None,None,3.33,None,30.33,None,8.67,None,38.34,None,11.00,None,13.33,None,25.67,None,38.68,None,12.33,None,6.67
1769447215.6139116,None,17.99,None,None,None,3.33,None,30.33,None,8.67,None,38.34,None,11.00,None,13.33,None,25.67,None,38.68,None,12.33,None,6.67
1769447215.8195152,None,17.99,None,None,None,3.33,None,39.00,None,10.34,None,38.34,None,11.00,None,13.33,None,25.67,None,38.68,None,12.33,None,6.67
1769447215.820303,None,17.99,None,None,None,3.33,None,39.00,None,10.34,None,38.34,None,11.00,None,13.33,None,25.67,None,38.68,None,12.33,None,6.67
1769447216.048815,None,17.99,None,None,None,3.33,None,39.00,None,14.67,None,47.34,None,11.00,None,13.33,None,25.67,None,47.35,None,12.33,None,6.67
1769447216.049475,None,17.99,None,None,None,3.33,None,39.00,None,14.67,None,47.34,None,11.00,None,13.33,None,25.67,None,47.35,None,12.33,None,6.67
1769447216.2383237,None,17.99,None,None,None,3.33,None,39.00,None,23.34,None,47.34,None,11.00,None,13.33,None,25.67,None,47.35,None,12.33,None,6.67
1769447216.2389727,None,17.99,None,None,None,3.33,None,39.00,None,23.34,None,47.34,None,11.00,None,13.33,None,25.67,None,47.35,None,12.33,None,6.67
1769447216.45991,None,26.99,None,None,None,3.33,None,39.00,None,23.34,None,47.34,None,11.00,None,20.99,None,25.67,None,47.35,None,12.33,None,6.67
1769447216.4605455,None,26.99,None,None,None,3.33,None,39.00,None,23.34,None,47.34,None,11.00,None,20.99,None,25.67,None,47.35,None,12.33,None,6.67
1769447216.6836834,None,26.99,None,None,None,3.33,None,39.00,None,23.34,None,47.34,None,11.00,None,20.99,None,29.00,None,47.35,None,12.33,None,6.67
1769447216.6843581,None,26.99,None,None,None,3.33,None,39.00,None,23.34,None,47.34,None,11.00,None,20.99,None,29.00,None,47.35,None,12.33,None,6.67
1769447226.00173,None,26.99,None,None,None,3.33,None,39.00,None,23.34,None,47.34,None,11.00,None,22.66,None,29.00,None,47.35,None,12.33,None,6.67
1769447226.0024261,None,26.99,None,None,None,3.33,None,39.00,None,23.34,None,47.34,None,11.00,None,22.66,None,29.00,None,47.35,None,12.33,None,6.67
1769447226.137338,None,26.99,None,None,None,3.33,None,39.00,None,23.34,None,47.34,None,11.00,None,22.66,None,29.00,None,47.35,None,12.33,None,6.67
1769447226.138152,None,26.99,None,None,None,3.33,None,39.00,None,23.34,None,47.34,None,11.00,None,22.66,None,29.00,None,47.35,None,12.33,None,6.67
1769447226.5290089,None,26.99,None,None,None,3.33,None,39.00,None,23.34,None,47.34,None,11.00,None,22.66,None,29.00,None,47.35,None,12.33,None,6.67
1769447226.5297012,None,26.99,None,None,None,3.33,None,39.00,None,23.34,None,47.34,None,11.00,None,22.66,None,29.00,None,47.35,None,12.33,None,6.67
1769447226.7792964,None,26.99,None,None,None,3.33,None,39.00,None,23.34,None,47.34,None,11.00,None,22.66,None,29.00,None,47.35,None,12.33,None,6.67
1769447226.7800746,None,26.99,None,None,None,3.33,None,39.00,None,23.34,None,47.34,None,11.00,None,22.66,None,29.00,None,47.35,None,12.33,None,6.67
1769447226.9689305,None,26.99,None,None,None,3.33,None,39.00,None,23.34,None,47.34,None,11.00,None,22.66,None,29.00,None,47.35,None,12.33,None,6.67
1769447226.9696407,None,26.99,None,None,None,3.33,None,39.00,None,23.34,None,47.34,None,11.00,None,22.66,None,29.00,None,47.35,None,12.33,None,6.67
1769447227.1563187,None,26.99,None,None,None,3.33,None,39.00,None,23.34,None,47.34,None,11.00,None,24.33,None,29.00,None,47.35,None,12.33,None,6.67
1769447227.1571238,None,26.99,None,None,None,3.33,None,39.00,None,23.34,None,47.34,None,11.00,None,24.33,None,29.00,None,47.35,None,12.33,None,6.67
1769447228.9601727,None,22.66,None,None,None,12.33,None,40.67,None,19.01,None,29.67,None,11.00,None,28.66,None,29.00,None,42.01,None,9.00,None,6.67
1769447228.9609013,None,22.66,None,None,None,12.33,None,40.67,None,19.01,None,29.67,None,11.00,None,28.66,None,29.00,None,42.01,None,9.00,None,6.67
1769447229.1571567,None,22.66,None,None,None,12.33,None,40.67,None,19.01,None,29.67,None,11.00,None,28.66,None,32.33,None,42.01,None,9.00,None,6.67
1769447229.1578698,None,22.66,None,None,None,12.33,None,40.67,None,19.01,None,29.67,None,11.00,None,28.66,None,32.33,None,42.01,None,9.00,None,6.67
1769447237.053334,None,16.66,None,17.34,None,9.00,None,32.34,None,27.68,None,12.33,None,9.33,None,22.99,None,21.33,None,24.34,None,9.00,None,3.34
1769447237.0540178,None,16.66,None,17.34,None,9.00,None,32.34,None,27.68,None,12.33,None,9.33,None,22.99,None,21.33,None,24.34,None,9.00,None,3.34
1769447237.2762756,None,16.66,None,20.67,None,9.00,None,36.34,None,27.68,None,12.33,None,9.33,None,22.99,None,21.33,None,34.68,None,9.00,None,3.34
1769447237.2769332,None,16.66,None,20.67,None,9.00,None,36.34,None,27.68,None,12.33,None,9.33,None,22.99,None,21.33,None,34.68,None,9.00,None,3.34
1769447237.4965124,None,16.66,None,20.67,None,9.00,None,36.34,None,27.68,None,12.33,None,9.33,None,22.99,None,25.33,None,38.01,None,9.00,None,3.34
1769447237.4972832,None,16.66,None,20.67,None,9.00,None,36.34,None,27.68,None,12.33,None,9.33,None,22.99,None,25.33,None,38.01,None,9.00,None,3.34
1769447237.9092877,None,25.66,None,25.00,None,9.00,None,36.34,None,27.68,None,12.33,None,9.33,None,26.32,None,34.00,None,38.01,None,9.00,None,3.34
1769447237.9099898,None,25.66,None,25.00,None,9.00,None,36.34,None,27.68,None,12.33,None,9.33,None,26.32,None,34.00,None,38.01,None,9.00,None,3.34
1769447238.1372108,None,25.66,None,26.67,None,9.00,None,45.34,None,27.68,None,12.33,None,9.33,None,26.32,None,34.00,None,38.01,None,9.00,None,3.34
1769447238.1379328,None,25.66,None,26.67,None,9.00,None,45.34,None,27.68,None,12.33,None,9.33,None,26.32,None,34.00,None,38.01,None,9.00,None,3.34
1769447238.3626528,None,25.66,None,26.67,None,9.00,None,45.34,None,27.68,None,12.33,None,9.33,None,26.32,None,37.33,None,38.01,None,9.00,None,3.34
1769447238.3659275,None,25.66,None,26.67,None,9.00,None,45.34,None,27.68,None,12.33,None,9.33,None,26.32,None,37.33,None,38.01,None,9.00,None,3.34
1769447238.9744442,None,25.66,None,28.34,None,9.00,None,32.34,None,27.68,None,15.66,None,9.33,None,26.32,None,46.33,None,45.01,None,9.00,None,3.34
1769447238.9751732,None,25.66,None,28.34,None,9.00,None,32.34,None,27.68,None,15.66,None,9.33,None,26.32,None,46.33,None,45.01,None,9.00,None,3.34
1769447240.286542,None,3.33,None,29.01,None,0.00,None,30.67,None,27.68,None,10.66,None,5.00,None,None,None,34.33,None,33.01,None,13.33,None,1.67
1769447240.2871943,None,3.33,None,29.01,None,0.00,None,30.67,None,27.68,None,10.66,None,5.00,None,None,None,34.33,None,33.01,None,13.33,None,1.67
1769447240.5161026,None,3.33,None,29.01,None,13.33,None,30.67,None,27.68,None,19.33,None,5.00,None,None,None,34.33,None,34.68,None,13.33,None,1.67
1769447240.516775,None,3.33,None,29.01,None,13.33,None,30.67,None,27.68,None,19.33,None,5.00,None,None,None,34.33,None,34.68,None,13.33,None,1.67
1769447240.6856916,None,3.33,None,29.01,None,13.33,None,30.67,None,27.68,None,19.33,None,5.00,None,None,None,34.33,None,34.68,None,13.33,None,1.67
1769447240.6863186,None,3.33,None,29.01,None,13.33,None,30.67,None,27.68,None,19.33,None,5.00,None,None,None,34.33,None,34.68,None,13.33,None,1.67
1769447240.9118416,None,3.33,None,29.01,None,13.33,None,30.67,None,27.68,None,19.33,None,5.00,None,None,None,34.33,None,36.35,None,13.33,None,1.67
1769447240.9124658,None,3.33,None,29.01,None,13.33,None,30.67,None,27.68,None,19.33,None,5.00,None,None,None,34.33,None,36.35,None,13.33,None,1.67
1769447241.1127496,None,3.33,None,29.01,None,13.33,None,30.67,None,27.68,None,24.33,None,5.00,None,None,None,34.33,None,36.35,None,13.33,None,1.67
1769447241.1136327,None,3.33,None,29.01,None,13.33,None,30.67,None,27.68,None,24.33,None,5.00,None,None,None,34.33,None,36.35,None,13.33,None,1.67
1769447241.337373,None,12.00,None,29.01,None,13.33,None,30.67,None,27.68,None,28.66,None,5.00,None,None,None,34.33,None,36.35,None,13.33,None,1.67
1769447241.338023,None,12.00,None,29.01,None,13.33,None,30.67,None,27.68,None,28.66,None,5.00,None,None,None,34.33,None,36.35,None,13.33,None,1.67
1769447241.778973,None,12.00,None,29.01,None,13.33,None,30.67,None,27.68,None,28.66,None,5.00,None,None,None,34.33,None,40.35,None,13.33,None,3.34
1769447241.7796688,None,12.00,None,29.01,None,13.33,None,30.67,None,27.68,None,28.66,None,5.00,None,None,None,34.33,None,40.35,None,13.33,None,3.34
1769447241.9532611,None,12.00,None,29.01,None,13.33,None,30.67,None,27.68,None,28.66,None,5.00,None,None,None,34.33,None,40.35,None,13.33,None,3.34
1769447241.9539762,None,12.00,None,29.01,None,13.33,None,30.67,None,27.68,None,28.66,None,5.00,None,None,None,34.33,None,40.35,None,13.33,None,3.34
1769447242.363591,None,12.00,None,None,None,13.33,None,21.67,None,19.01,None,19.66,None,12.00,None,None,None,32.66,None,31.35,None,9.00,None,3.34
1769447242.364267,None,12.00,None,None,None,13.33,None,21.67,None,19.01,None,19.66,None,12.00,None,None,None,32.66,None,31.35,None,9.00,None,3.34
1769447242.5306983,None,12.00,None,None,None,13.33,None,21.67,None,19.01,None,19.66,None,12.00,None,None,None,32.66,None,31.35,None,9.00,None,3.34
1769447242.5313578,None,12.00,None,None,None,13.33,None,21.67,None,19.01,None,19.66,None,12.00,None,None,None,32.66,None,31.35,None,9.00,None,3.34
1769447242.7401,None,13.67,None,None,None,13.33,None,21.67,None,19.01,None,23.66,None,12.00,None,None,None,35.99,None,40.02,None,13.33,None,3.34
1769447242.7407563,None,13.67,None,None,None,13.33,None,21.67,None,19.01,None,23.66,None,12.00,None,None,None,35.99,None,40.02,None,13.33,None,3.34
1769447242.9084063,None,13.67,None,None,None,13.33,None,21.67,None,19.01,None,23.66,None,12.00,None,None,None,35.99,None,40.02,None,13.33,None,3.34
1769447242.9090564,None,13.67,None,None,None,13.33,None,21.67,None,19.01,None,23.66,None,12.00,None,None,None,35.99,None,40.02,None,13.33,None,3.34
1769447243.115158,None,15.34,None,None,None,13.33,None,21.67,None,19.01,None,23.66,None,12.00,None,None,None,35.99,None,40.02,None,13.33,None,7.67
1769447243.1158092,None,15.34,None,None,None,13.33,None,21.67,None,19.01,None,23.66,None,12.00,None,None,None,35.99,None,40.02,None,13.33,None,7.67
1769447247.2084086,None,12.01,None,None,None,13.33,None,21.67,None,None,None,23.66,None,3.33,None,None,None,35.99,None,38.35,None,4.33,None,6.00
1769447247.2090697,None,12.01,None,None,None,13.33,None,21.67,None,None,None,23.66,None,3.33,None,None,None,35.99,None,38.35,None,4.33,None,6.00
1769447247.3791413,None,12.01,None,None,None,13.33,None,21.67,None,None,None,23.66,None,3.33,None,None,None,35.99,None,38.35,None,4.33,None,6.00
1769447247.3799303,None,12.01,None,None,None,13.33,None,21.67,None,None,None,23.66,None,3.33,None,None,None,35.99,None,38.35,None,4.33,None,6.00
1769447247.5826595,None,12.01,None,None,None,13.33,None,21.67,None,None,None,32.33,None,3.33,None,None,None,35.99,None,41.68,None,4.33,None,7.67
1769447247.5832844,None,12.01,None,None,None,13.33,None,21.67,None,None,None,32.33,None,3.33,None,None,None,35.99,None,41.68,None,4.33,None,7.67
1769447247.7741916,None,15.34,None,None,None,13.33,None,21.67,None,None,None,32.33,None,3.33,None,None,None,35.99,None,50.35,None,4.33,None,12.00
1769447247.7748075,None,15.34,None,None,None,13.33,None,21.67,None,None,None,32.33,None,3.33,None,None,None,35.99,None,50.35,None,4.33,None,12.00
1769447248.191127,None,15.34,None,None,None,13.33,None,21.67,None,None,None,32.33,None,3.33,None,None,None,35.99,None,50.35,None,4.33,None,12.00
1769447248.191769,None,15.34,None,None,None,13.33,None,21.67,None,None,None,32.33,None,3.33,None,None,None,35.99,None,50.35,None,4.33,None,12.00
1769447248.3779473,None,None,None,None,None,13.33,None,13.00,None,None,None,19.33,None,3.33,None,None,None,36.99,None,47.02,None,4.33,None,6.00
1769447248.3785713,None,None,None,None,None,13.33,None,13.00,None,None,None,19.33,None,3.33,None,None,None,36.99,None,47.02,None,4.33,None,6.00
1769447248.5962043,None,None,None,None,None,13.33,None,21.67,None,None,None,19.33,None,3.33,None,None,None,38.66,None,47.02,None,4.33,None,6.00
1769447248.5969217,None,None,None,None,None,13.33,None,21.67,None,None,None,19.33,None,3.33,None,None,None,38.66,None,47.02,None,4.33,None,6.00
1769447248.7589834,None,None,None,None,None,13.33,None,21.67,None,None,None,19.33,None,3.33,None,None,None,38.66,None,47.02,None,4.33,None,6.00
1769447248.7595983,None,None,None,None,None,13.33,None,21.67,None,None,None,19.33,None,3.33,None,None,None,38.66,None,47.02,None,4.33,None,6.00
1769447248.9215775,None,None,None,None,None,13.33,None,21.67,None,None,None,19.33,None,3.33,None,None,None,38.66,None,47.02,None,4.33,None,6.00
1769447248.9222224,None,None,None,None,None,13.33,None,21.67,None,None,None,19.33,None,3.33,None,None,None,38.66,None,47.02,None,4.33,None,6.00
1769447249.061902,None,None,None,None,None,13.33,None,21.67,None,None,None,19.33,None,3.33,None,None,None,38.66,None,47.02,None,4.33,None,6.00
1769447249.062509,None,None,None,None,None,13.33,None,21.67,None,None,None,19.33,None,3.33,None,None,None,38.66,None,47.02,None,4.33,None,6.00
1769447249.2022042,None,None,None,None,None,13.33,None,21.67,None,None,None,19.33,None,3.33,None,None,None,38.66,None,47.02,None,4.33,None,6.00
1769447249.2028096,None,None,None,None,None,13.33,None,21.67,None,None,None,19.33,None,3.33,None,None,None,38.66,None,47.02,None,4.33,None,6.00
1769447249.2905638,None,None,None,None,None,13.33,None,21.67,None,None,None,19.33,None,3.33,None,None,None,38.66,None,47.02,None,4.33,None,6.00
1769447249.291168,None,None,None,None,None,13.33,None,21.67,None,None,None,19.33,None,3.33,None,None,None,38.66,None,47.02,None,4.33,None,6.00
1769447260.0005817,None,None,None,None,None,13.33,None,21.67,None,None,None,19.33,None,3.33,None,None,None,38.66,None,47.02,None,4.33,None,6.00
1769447260.0012116,None,None,None,None,None,13.33,None,21.67,None,None,None,19.33,None,3.33,None,None,None,38.66,None,47.02,None,4.33,None,6.00
1769447260.2106056,None,None,None,None,None,13.33,None,21.67,None,None,None,32.33,None,3.33,None,None,None,40.33,None,47.02,None,4.33,None,6.00
1769447260.2112188,None,None,None,None,None,13.33,None,21.67,None,None,None,32.33,None,3.33,None,None,None,40.33,None,47.02,None,4.33,None,6.00
1769447260.3549662,None,None,None,None,None,13.33,None,21.67,None,None,None,32.33,None,3.33,None,None,None,40.33,None,47.02,None,4.33,None,6.00
1769447260.3555987,None,None,None,None,None,13.33,None,21.67,None,None,None,32.33,None,3.33,None,None,None,40.33,None,47.02,None,4.33,None,6.00
1769447260.513811,None,None,None,None,None,13.33,None,21.67,None,None,None,32.33,None,3.33,None,None,None,40.33,None,47.02,None,4.33,None,6.00
1769447260.5144734,None,None,None,None,None,13.33,None,21.67,None,None,None,32.33,None,3.33,None,None,None,40.33,None,47.02,None,4.33,None,6.00
1769447261.0358982,None,None,None,None,None,13.33,None,21.67,None,None,None,32.33,None,7.66,None,None,None,42.00,None,47.02,None,13.00,None,6.00
1769447261.0367904,None,None,None,None,None,13.33,None,21.67,None,None,None,32.33,None,7.66,None,None,None,42.00,None,47.02,None,13.00,None,6.00
1769447261.2051437,None,None,None,None,None,13.33,None,21.67,None,None,None,32.33,None,7.66,None,1.67,None,42.00,None,47.02,None,13.00,None,6.00
1769447261.2058623,None,None,None,None,None,13.33,None,21.67,None,None,None,32.33,None,7.66,None,1.67,None,42.00,None,47.02,None,13.00,None,6.00
1769447264.4276352,None,None,None,5.00,None,13.33,None,13.00,None,None,None,32.33,None,7.66,None,9.33,None,42.00,None,47.02,None,13.00,None,6.00
1769447264.4307551,None,None,None,5.00,None,13.33,None,13.00,None,None,None,32.33,None,7.66,None,9.33,None,42.00,None,47.02,None,13.00,None,6.00
1769447283.1130097,None,5.00,None,3.33,None,0.00,None,13.00,None,3.33,None,20.33,None,4.33,None,1.67,None,27.00,None,36.68,None,13.00,None,6.00
1769447283.113771,None,5.00,None,3.33,None,0.00,None,13.00,None,3.33,None,20.33,None,4.33,None,1.67,None,27.00,None,36.68,None,13.00,None,6.00
1769447283.3405743,None,9.33,None,3.33,None,9.00,None,14.67,None,3.33,None,20.33,None,4.33,None,1.67,None,27.00,None,36.68,None,13.00,None,6.00
1769447283.3411922,None,9.33,None,3.33,None,9.00,None,14.67,None,3.33,None,20.33,None,4.33,None,1.67,None,27.00,None,36.68,None,13.00,None,6.00
1769447283.5920098,None,9.33,None,3.33,None,9.00,None,22.33,None,3.33,None,20.33,None,4.33,None,1.67,None,27.00,None,36.68,None,13.00,None,6.00
1769447283.5926392,None,9.33,None,3.33,None,9.00,None,22.33,None,3.33,None,20.33,None,4.33,None,1.67,None,27.00,None,36.68,None,13.00,None,6.00
1769447283.81872,None,18.33,None,3.33,None,13.33,None,24.00,None,3.33,None,20.33,None,4.33,None,1.67,None,27.00,None,36.68,None,13.00,None,6.00
1769447283.819372,None,18.33,None,3.33,None,13.33,None,24.00,None,3.33,None,20.33,None,4.33,None,1.67,None,27.00,None,36.68,None,13.00,None,6.00
1769447284.0517285,None,18.33,None,3.33,None,13.33,None,24.00,None,3.33,None,23.66,None,4.33,None,1.67,None,28.67,None,36.68,None,13.00,None,6.00
1769447284.0523515,None,18.33,None,3.33,None,13.33,None,24.00,None,3.33,None,23.66,None,4.33,None,1.67,None,28.67,None,36.68,None,13.00,None,6.00
1769447284.2882195,None,18.33,None,3.33,None,13.33,None,25.67,None,3.33,None,23.66,None,4.33,None,10.34,None,28.67,None,36.68,None,13.00,None,6.00
1769447284.2890117,None,18.33,None,3.33,None,13.33,None,25.67,None,3.33,None,23.66,None,4.33,None,10.34,None,28.67,None,36.68,None,13.00,None,6.00
1769447289.784342,None,14.00,None,None,None,4.33,None,24.00,None,9.00,None,23.66,None,4.33,None,10.34,None,28.67,None,26.34,None,13.00,None,6.00
1769447289.7849684,None,14.00,None,None,None,4.33,None,24.00,None,9.00,None,23.66,None,4.33,None,10.34,None,28.67,None,26.34,None,13.00,None,6.00
1769447290.0114632,None,14.00,None,None,None,4.33,None,24.00,None,18.00,None,26.99,None,4.33,None,10.34,None,28.67,None,28.01,None,13.00,None,6.00
1769447290.01208,None,14.00,None,None,None,4.33,None,24.00,None,18.00,None,26.99,None,4.33,None,10.34,None,28.67,None,28.01,None,13.00,None,6.00
1769447290.5199058,None,14.00,None,None,None,4.33,None,24.00,None,18.00,None,35.66,None,4.33,None,10.34,None,28.67,None,28.01,None,13.00,None,6.00
1769447290.5206738,None,14.00,None,None,None,4.33,None,24.00,None,18.00,None,35.66,None,4.33,None,10.34,None,28.67,None,28.01,None,13.00,None,6.00
1769447299.509217,None,14.00,None,None,None,4.33,None,24.00,None,18.00,None,35.66,None,4.33,None,8.67,None,28.67,None,36.68,None,13.00,None,6.00
1769447299.5098813,None,14.00,None,None,None,4.33,None,24.00,None,18.00,None,35.66,None,4.33,None,8.67,None,28.67,None,36.68,None,13.00,None,6.00
1769447305.1092322,None,14.00,None,None,None,4.33,None,24.00,None,18.00,None,39.99,None,4.33,None,8.67,None,28.67,None,40.01,None,13.00,None,6.00
1769447305.1098924,None,14.00,None,None,None,4.33,None,24.00,None,18.00,None,39.99,None,4.33,None,8.67,None,28.67,None,40.01,None,13.00,None,6.00
1769447305.3237991,None,14.00,None,None,None,6.00,None,24.00,None,18.00,None,39.99,None,4.33,None,8.67,None,28.67,None,43.34,None,13.00,None,6.00
1769447305.3246202,None,14.00,None,None,None,6.00,None,24.00,None,18.00,None,39.99,None,4.33,None,8.67,None,28.67,None,43.34,None,13.00,None,6.00
1769447305.490667,None,14.00,None,None,None,6.00,None,24.00,None,18.00,None,39.99,None,4.33,None,8.67,None,28.67,None,43.34,None,13.00,None,6.00
1769447305.4913812,None,14.00,None,None,None,6.00,None,24.00,None,18.00,None,39.99,None,4.33,None,8.67,None,28.67,None,43.34,None,13.00,None,6.00
1769447305.7315342,None,15.67,None,None,None,6.00,None,33.00,None,18.00,None,39.99,None,4.33,None,8.67,None,28.67,None,46.67,None,13.00,None,6.00
1769447305.7322438,None,15.67,None,None,None,6.00,None,33.00,None,18.00,None,39.99,None,4.33,None,8.67,None,28.67,None,46.67,None,13.00,None,6.00
1769447305.9370224,None,15.67,None,None,None,7.67,None,33.00,None,18.00,None,39.99,None,4.33,None,8.67,None,37.67,None,50.00,None,13.00,None,6.00
1769447305.9377298,None,15.67,None,None,None,7.67,None,33.00,None,18.00,None,39.99,None,4.33,None,8.67,None,37.67,None,50.00,None,13.00,None,6.00
1769447306.1106482,None,15.67,None,None,None,7.67,None,33.00,None,18.00,None,39.99,None,4.33,None,8.67,None,37.67,None,50.00,None,13.00,None,6.00
1769447306.1113398,None,15.67,None,None,None,7.67,None,33.00,None,18.00,None,39.99,None,4.33,None,8.67,None,37.67,None,50.00,None,13.00,None,6.00
1769447309.4771082,None,12.34,None,None,None,7.67,None,33.00,None,18.00,None,39.99,None,4.33,None,8.67,None,33.67,None,38.00,None,13.00,None,6.00
1769447309.4777923,None,12.34,None,None,None,7.67,None,33.00,None,18.00,None,39.99,None,4.33,None,8.67,None,33.67,None,38.00,None,13.00,None,6.00
1769447309.6984544,None,12.34,None,None,None,7.67,None,33.00,None,18.00,None,43.32,None,4.33,None,17.67,None,33.67,None,39.67,None,13.00,None,6.00
1769447309.6991332,None,12.34,None,None,None,7.67,None,33.00,None,18.00,None,43.32,None,4.33,None,17.67,None,33.67,None,39.67,None,13.00,None,6.00
1769447321.94438,None,None,None,0.00,None,7.67,None,22.66,None,18.00,None,44.32,None,4.33,None,9.00,None,30.34,None,27.67,None,8.67,None,6.00
1769447321.94502,None,None,None,0.00,None,7.67,None,22.66,None,18.00,None,44.32,None,4.33,None,9.00,None,30.34,None,27.67,None,8.67,None,6.00
1769447322.168883,None,None,None,0.00,None,7.67,None,25.99,None,22.33,None,48.32,None,4.33,None,9.00,None,30.34,None,27.67,None,8.67,None,6.00
1769447322.169524,None,None,None,0.00,None,7.67,None,25.99,None,22.33,None,48.32,None,4.33,None,9.00,None,30.34,None,27.67,None,8.67,None,6.00
1769447322.7046347,None,None,None,0.00,None,7.67,None,25.99,None,22.33,None,48.32,None,13.33,None,14.00,None,30.34,None,32.00,None,8.67,None,6.00
1769447322.705299,None,None,None,0.00,None,7.67,None,25.99,None,22.33,None,48.32,None,13.33,None,14.00,None,30.34,None,32.00,None,8.67,None,6.00
1769447322.9232013,None,None,None,9.00,None,7.67,None,25.99,None,22.33,None,49.99,None,13.33,None,14.00,None,30.34,None,32.00,None,8.67,None,6.00
1769447322.9239714,None,None,None,9.00,None,7.67,None,25.99,None,22.33,None,49.99,None,13.33,None,14.00,None,30.34,None,32.00,None,8.67,None,6.00
1769447323.1526935,None,None,None,9.00,None,7.67,None,30.32,None,22.33,None,51.66,None,13.33,None,14.00,None,34.34,None,35.33,None,8.67,None,6.00
1769447323.1534624,None,None,None,9.00,None,7.67,None,30.32,None,22.33,None,51.66,None,13.33,None,14.00,None,34.34,None,35.33,None,8.67,None,6.00
1769447326.1561055,None,None,None,9.00,None,7.67,None,25.32,None,22.33,None,48.33,None,13.33,None,14.00,None,24.67,None,42.33,None,8.67,None,6.00
1769447326.1570156,None,None,None,9.00,None,7.67,None,25.32,None,22.33,None,48.33,None,13.33,None,14.00,None,24.67,None,42.33,None,8.67,None,6.00
1769447326.3609746,None,None,None,17.67,None,7.67,None,25.32,None,22.33,None,52.66,None,13.33,None,23.00,None,24.67,None,42.33,None,8.67,None,6.00
1769447326.3616486,None,None,None,17.67,None,7.67,None,25.32,None,22.33,None,52.66,None,13.33,None,23.00,None,24.67,None,42.33,None,8.67,None,6.00
1769447326.5874107,None,None,None,21.00,None,7.67,None,25.32,None,22.33,None,52.66,None,13.33,None,23.00,None,24.67,None,42.33,None,8.67,None,6.00
1769447326.58811,None,None,None,21.00,None,7.67,None,25.32,None,22.33,None,52.66,None,13.33,None,23.00,None,24.67,None,42.33,None,8.67,None,6.00
1769447326.7701333,None,None,None,21.00,None,7.67,None,25.32,None,22.33,None,52.66,None,13.33,None,23.00,None,24.67,None,42.33,None,8.67,None,6.00
1769447326.770989,None,None,None,21.00,None,7.67,None,25.32,None,22.33,None,52.66,None,13.33,None,23.00,None,24.67,None,42.33,None,8.67,None,6.00
1769447326.980057,None,None,None,21.00,None,7.67,None,25.32,None,22.33,None,52.66,None,13.33,None,23.00,None,24.67,None,42.33,None,8.67,None,6.00
1769447326.9807909,None,None,None,21.00,None,7.67,None,25.32,None,22.33,None,52.66,None,13.33,None,23.00,None,24.67,None,42.33,None,8.67,None,6.00
1769447327.2021077,None,None,None,21.00,None,7.67,None,20.99,None,22.33,None,50.99,None,13.33,None,26.33,None,24.67,None,39.00,None,8.67,None,6.00
1769447327.2028215,None,None,None,21.00,None,7.67,None,20.99,None,22.33,None,50.99,None,13.33,None,26.33,None,24.67,None,39.00,None,8.67,None,6.00
1769447334.5320272,None,None,None,21.00,None,7.67,None,31.33,None,22.33,None,42.32,None,4.33,None,21.33,None,24.67,None,38.00,None,8.67,None,0.00
1769447334.532833,None,None,None,21.00,None,7.67,None,31.33,None,22.33,None,42.32,None,4.33,None,21.33,None,24.67,None,38.00,None,8.67,None,0.00
1769447334.7405102,None,None,None,21.00,None,7.67,None,31.33,None,22.33,None,45.65,None,4.33,None,21.33,None,24.67,None,38.00,None,8.67,None,4.33
1769447334.741223,None,None,None,21.00,None,7.67,None,31.33,None,22.33,None,45.65,None,4.33,None,21.33,None,24.67,None,38.00,None,8.67,None,4.33
1769447336.092167,None,None,None,12.00,None,7.67,None,20.34,None,None,None,31.66,None,4.33,None,21.33,None,23.00,None,27.66,None,8.67,None,0.00
1769447336.0929267,None,None,None,12.00,None,7.67,None,20.34,None,None,None,31.66,None,4.33,None,21.33,None,23.00,None,27.66,None,8.67,None,0.00
1769447336.3287294,None,None,None,12.00,None,7.67,None,20.34,None,None,None,36.66,None,4.33,None,21.33,None,23.00,None,31.99,None,8.67,None,0.00
1769447336.3293269,None,None,None,12.00,None,7.67,None,20.34,None,None,None,36.66,None,4.33,None,21.33,None,23.00,None,31.99,None,8.67,None,0.00
1769447336.568922,None,None,None,12.00,None,7.67,None,20.34,None,None,None,36.66,None,4.33,None,25.66,None,23.00,None,31.99,None,8.67,None,0.00
1769447336.5695786,None,None,None,12.00,None,7.67,None,20.34,None,None,None,36.66,None,4.33,None,25.66,None,23.00,None,31.99,None,8.67,None,0.00
1769447336.79979,None,None,None,12.00,None,7.67,None,22.01,None,None,None,39.99,None,4.33,None,25.66,None,27.33,None,31.99,None,8.67,None,9.00
1769447336.8004336,None,None,None,12.00,None,7.67,None,22.01,None,None,None,39.99,None,4.33,None,25.66,None,27.33,None,31.99,None,8.67,None,9.00
1769447337.0425627,None,None,None,12.00,None,7.67,None,22.01,None,None,None,41.66,None,13.00,None,25.66,None,27.33,None,31.99,None,8.67,None,9.00
1769447337.0432203,None,None,None,12.00,None,7.67,None,22.01,None,None,None,41.66,None,13.00,None,25.66,None,27.33,None,31.99,None,8.67,None,9.00
1769447337.2709806,None,None,None,12.00,None,7.67,None,22.01,None,None,None,46.66,None,13.00,None,25.66,None,36.00,None,31.99,None,8.67,None,9.00
1769447337.2717671,None,None,None,12.00,None,7.67,None,22.01,None,None,None,46.66,None,13.00,None,25.66,None,36.00,None,31.99,None,8.67,None,9.00
1769447344.5684955,None,0.00,None,12.00,None,12.01,None,20.34,None,None,None,33.66,None,13.00,None,25.66,None,31.00,None,31.99,None,8.67,None,13.33
1769447344.5691667,None,0.00,None,12.00,None,12.01,None,20.34,None,None,None,33.66,None,13.00,None,25.66,None,31.00,None,31.99,None,8.67,None,13.33
1769447344.7399764,None,0.00,None,12.00,None,12.01,None,20.34,None,None,None,33.66,None,13.00,None,25.66,None,31.00,None,31.99,None,8.67,None,13.33
1769447344.7406201,None,0.00,None,12.00,None,12.01,None,20.34,None,None,None,33.66,None,13.00,None,25.66,None,31.00,None,31.99,None,8.67,None,13.33
1769447344.9641626,None,4.33,None,12.00,None,12.01,None,20.34,None,None,None,33.66,None,13.00,None,25.66,None,31.00,None,35.32,None,8.67,None,13.33
1769447344.964865,None,4.33,None,12.00,None,12.01,None,20.34,None,None,None,33.66,None,13.00,None,25.66,None,31.00,None,35.32,None,8.67,None,13.33
1769447345.1965137,None,13.00,None,12.00,None,12.01,None,20.34,None,None,None,33.66,None,13.00,None,25.66,None,31.00,None,35.32,None,8.67,None,13.33
1769447345.1995175,None,13.00,None,12.00,None,12.01,None,20.34,None,None,None,33.66,None,13.00,None,25.66,None,31.00,None,35.32,None,8.67,None,13.33
1769447345.4217472,None,13.00,None,12.00,None,12.01,None,20.34,None,None,None,40.99,None,13.00,None,25.66,None,40.00,None,35.32,None,8.67,None,13.33
1769447345.422449,None,13.00,None,12.00,None,12.01,None,20.34,None,None,None,40.99,None,13.00,None,25.66,None,40.00,None,35.32,None,8.67,None,13.33
1769447345.6398258,None,13.00,None,12.00,None,12.01,None,20.34,None,None,None,40.99,None,13.00,None,25.66,None,40.00,None,35.32,None,8.67,None,13.33
1769447345.6406283,None,13.00,None,12.00,None,12.01,None,20.34,None,None,None,40.99,None,13.00,None,25.66,None,40.00,None,35.32,None,8.67,None,13.33
1769447345.844077,None,13.00,None,12.00,None,12.01,None,20.34,None,None,None,40.99,None,13.00,None,25.66,None,40.00,None,35.32,None,8.67,None,13.33
1769447345.8448372,None,13.00,None,12.00,None,12.01,None,20.34,None,None,None,40.99,None,13.00,None,25.66,None,40.00,None,35.32,None,8.67,None,13.33
1769447346.4543908,None,13.00,None,12.00,None,12.01,None,20.34,None,None,None,40.99,None,13.00,None,25.66,None,40.00,None,35.32,None,8.67,None,13.33
1769447346.4553316,None,13.00,None,12.00,None,12.01,None,20.34,None,None,None,40.99,None,13.00,None,25.66,None,40.00,None,35.32,None,8.67,None,13.33
1769447346.6255133,None,13.00,None,12.00,None,12.01,None,20.34,None,None,None,40.99,None,13.00,None,25.66,None,40.00,None,35.32,None,8.67,None,13.33
1769447346.6262238,None,13.00,None,12.00,None,12.01,None,20.34,None,None,None,40.99,None,13.00,None,25.66,None,40.00,None,35.32,None,8.67,None,13.33
1769447349.5622973,None,13.00,None,21.00,None,12.01,None,20.34,None,None,None,40.99,None,8.67,None,25.66,None,41.66,None,35.32,None,0.00,None,13.33
1769447349.5629697,None,13.00,None,21.00,None,12.01,None,20.34,None,None,None,40.99,None,8.67,None,25.66,None,41.66,None,35.32,None,0.00,None,13.33
1769447350.313024,None,14.67,None,21.00,None,10.34,None,24.68,None,None,None,21.00,None,8.67,None,None,None,28.66,None,26.99,None,0.00,None,13.33
1769447350.3138702,None,14.67,None,21.00,None,10.34,None,24.68,None,None,None,21.00,None,8.67,None,None,None,28.66,None,26.99,None,0.00,None,13.33
1769447350.527227,None,14.67,None,21.00,None,10.34,None,24.68,None,None,None,29.67,None,8.67,None,None,None,30.33,None,26.99,None,0.00,None,13.33
1769447350.5278878,None,14.67,None,21.00,None,10.34,None,24.68,None,None,None,29.67,None,8.67,None,None,None,30.33,None,26.99,None,0.00,None,13.33
1769447350.7491746,None,18.00,None,21.00,None,10.34,None,24.68,None,None,None,33.67,None,8.67,None,None,None,30.33,None,26.99,None,0.00,None,13.33
1769447350.7498062,None,18.00,None,21.00,None,10.34,None,24.68,None,None,None,33.67,None,8.67,None,None,None,30.33,None,26.99,None,0.00,None,13.33
1769447350.9521275,None,18.00,None,21.00,None,10.34,None,33.68,None,None,None,33.67,None,8.67,None,None,None,30.33,None,26.99,None,0.00,None,13.33
1769447350.9527442,None,18.00,None,21.00,None,10.34,None,33.68,None,None,None,33.67,None,8.67,None,None,None,30.33,None,26.99,None,0.00,None,13.33
1769447351.1518924,None,18.00,None,21.00,None,10.34,None,42.68,None,None,None,37.00,None,10.34,None,None,None,30.33,None,26.99,None,0.00,None,13.33
1769447351.152568,None,18.00,None,21.00,None,10.34,None,42.68,None,None,None,37.00,None,10.34,None,None,None,30.33,None,26.99,None,0.00,None,13.33
1769447351.3754516,None,18.00,None,21.00,None,10.34,None,42.68,None,None,None,47.34,None,10.34,None,None,None,30.33,None,26.99,None,0.00,None,13.33
1769447351.376362,None,18.00,None,21.00,None,10.34,None,42.68,None,None,None,47.34,None,10.34,None,None,None,30.33,None,26.99,None,0.00,None,13.33
1769447364.2003002,None,13.67,None,21.00,None,10.34,None,23.34,None,0.00,None,52.68,None,8.67,None,None,None,35.33,None,16.33,None,0.00,None,13.33
1769447364.201034,None,13.67,None,21.00,None,10.34,None,23.34,None,0.00,None,52.68,None,8.67,None,None,None,35.33,None,16.33,None,0.00,None,13.33
1769447364.4301605,None,13.67,None,21.00,None,10.34,None,23.34,None,0.00,None,52.68,None,13.00,None,None,None,35.33,None,25.00,None,0.00,None,13.33
1769447364.4308152,None,13.67,None,21.00,None,10.34,None,23.34,None,0.00,None,52.68,None,13.00,None,None,None,35.33,None,25.00,None,0.00,None,13.33
1769447364.6634386,None,17.00,None,21.00,None,10.34,None,23.34,None,0.00,None,52.68,None,13.00,None,None,None,35.33,None,26.67,None,9.00,None,13.33
1769447364.664134,None,17.00,None,21.00,None,10.34,None,23.34,None,0.00,None,52.68,None,13.00,None,None,None,35.33,None,26.67,None,9.00,None,13.33
1769447364.8701634,None,17.00,None,24.33,None,10.34,None,23.34,None,0.00,None,52.68,None,13.00,None,None,None,39.33,None,26.67,None,9.00,None,13.33
1769447364.870848,None,17.00,None,24.33,None,10.34,None,23.34,None,0.00,None,52.68,None,13.00,None,None,None,39.33,None,26.67,None,9.00,None,13.33
1769447365.4749477,None,25.67,None,27.66,None,10.34,None,23.34,None,9.00,None,52.68,None,13.00,None,None,None,39.33,None,26.67,None,9.00,None,13.33
1769447365.4759061,None,25.67,None,27.66,None,10.34,None,23.34,None,9.00,None,52.68,None,13.00,None,None,None,39.33,None,26.67,None,9.00,None,13.33
1769447365.6813974,None,25.67,None,27.66,None,10.34,None,23.34,None,9.00,None,52.68,None,13.00,None,None,None,39.33,None,26.67,None,9.00,None,13.33
1769447365.6821687,None,25.67,None,27.66,None,10.34,None,23.34,None,9.00,None,52.68,None,13.00,None,None,None,39.33,None,26.67,None,9.00,None,13.33
1769447370.6899068,None,24.00,None,18.99,None,10.34,None,23.67,None,9.00,None,48.35,None,13.00,None,4.33,None,49.67,None,26.67,None,9.00,None,13.33
1769447370.6907315,None,24.00,None,18.99,None,10.34,None,23.67,None,9.00,None,48.35,None,13.00,None,4.33,None,49.67,None,26.67,None,9.00,None,13.33
1769447370.9082603,None,24.00,None,18.99,None,10.34,None,32.34,None,18.00,None,48.35,None,13.00,None,4.33,None,49.67,None,26.67,None,9.00,None,13.33
1769447370.9089549,None,24.00,None,18.99,None,10.34,None,32.34,None,18.00,None,48.35,None,13.00,None,4.33,None,49.67,None,26.67,None,9.00,None,13.33
1769447375.7092762,None,25.67,None,18.99,None,8.67,None,32.34,None,18.00,None,39.68,None,13.00,None,4.33,None,39.00,None,36.01,None,9.00,None,13.33
1769447375.709988,None,25.67,None,18.99,None,8.67,None,32.34,None,18.00,None,39.68,None,13.00,None,4.33,None,39.00,None,36.01,None,9.00,None,13.33
1769447375.943637,None,25.67,None,27.66,None,8.67,None,32.34,None,18.00,None,39.68,None,13.00,None,8.66,None,44.00,None,36.01,None,9.00,None,13.33
1769447375.9444537,None,25.67,None,27.66,None,8.67,None,32.34,None,18.00,None,39.68,None,13.00,None,8.66,None,44.00,None,36.01,None,9.00,None,13.33
1769447380.2240825,None,25.67,None,27.66,None,8.67,None,32.34,None,19.67,None,39.68,None,13.00,None,11.99,None,44.00,None,36.01,None,9.00,None,13.33
1769447380.2247846,None,25.67,None,27.66,None,8.67,None,32.34,None,19.67,None,39.68,None,13.00,None,11.99,None,44.00,None,36.01,None,9.00,None,13.33
1769447380.4483886,None,25.67,None,27.66,None,8.67,None,32.34,None,19.67,None,39.68,None,13.00,None,15.32,None,45.67,None,36.01,None,9.00,None,13.33
1769447380.449149,None,25.67,None,27.66,None,8.67,None,32.34,None,19.67,None,39.68,None,13.00,None,15.32,None,45.67,None,36.01,None,9.00,None,13.33
1769447380.6307452,None,25.67,None,27.66,None,8.67,None,32.34,None,19.67,None,39.68,None,13.00,None,15.32,None,45.67,None,36.01,None,9.00,None,13.33
1769447380.6314988,None,25.67,None,27.66,None,8.67,None,32.34,None,19.67,None,39.68,None,13.00,None,15.32,None,45.67,None,36.01,None,9.00,None,13.33
1769447380.8684514,None,25.67,None,27.66,None,8.67,None,32.34,None,19.67,None,39.68,None,13.00,None,15.32,None,45.67,None,36.01,None,9.00,None,13.33
1769447380.8692687,None,25.67,None,27.66,None,8.67,None,32.34,None,19.67,None,39.68,None,13.00,None,15.32,None,45.67,None,36.01,None,9.00,None,13.33
1769447381.0923111,None,25.67,None,27.66,None,8.67,None,32.34,None,19.67,None,39.68,None,13.00,None,20.32,None,45.67,None,36.01,None,13.33,None,13.33
1769447381.093194,None,25.67,None,27.66,None,8.67,None,32.34,None,19.67,None,39.68,None,13.00,None,20.32,None,45.67,None,36.01,None,13.33,None,13.33
1769447381.3201685,None,25.67,None,27.66,None,8.67,None,26.67,None,19.67,None,14.34,None,13.00,None,28.99,None,29.34,None,23.01,None,13.33,None,4.33
1769447381.320862,None,25.67,None,27.66,None,8.67,None,26.67,None,19.67,None,14.34,None,13.00,None,28.99,None,29.34,None,23.01,None,13.33,None,4.33
1769447381.5521998,None,25.67,None,27.66,None,8.67,None,26.67,None,19.67,None,14.34,None,13.00,None,28.99,None,34.34,None,23.01,None,13.33,None,4.33
1769447381.5553334,None,25.67,None,27.66,None,8.67,None,26.67,None,19.67,None,14.34,None,13.00,None,28.99,None,34.34,None,23.01,None,13.33,None,4.33
1769447382.1915827,None,25.67,None,27.66,None,8.67,None,26.67,None,19.67,None,16.01,None,13.00,None,28.99,None,34.34,None,23.01,None,13.33,None,4.33
1769447382.1924412,None,25.67,None,27.66,None,8.67,None,26.67,None,19.67,None,16.01,None,13.00,None,28.99,None,34.34,None,23.01,None,13.33,None,4.33
1769447382.4179013,None,25.67,None,27.66,None,10.34,None,26.67,None,23.00,None,20.34,None,13.00,None,28.99,None,34.34,None,23.01,None,13.33,None,4.33
1769447382.418648,None,25.67,None,27.66,None,10.34,None,26.67,None,23.00,None,20.34,None,13.00,None,28.99,None,34.34,None,23.01,None,13.33,None,4.33
1769447382.6535954,None,25.67,None,27.66,None,10.34,None,39.67,None,23.00,None,23.67,None,13.00,None,28.99,None,34.34,None,31.68,None,13.33,None,4.33
1769447382.6543508,None,25.67,None,27.66,None,10.34,None,39.67,None,23.00,None,23.67,None,13.00,None,28.99,None,34.34,None,31.68,None,13.33,None,4.33
1769447382.857612,None,25.67,None,27.66,None,10.34,None,39.67,None,23.00,None,23.67,None,13.00,None,28.99,None,34.34,None,31.68,None,13.33,None,4.33
1769447382.858375,None,25.67,None,27.66,None,10.34,None,39.67,None,23.00,None,23.67,None,13.00,None,28.99,None,34.34,None,31.68,None,13.33,None,4.33
1769447383.094611,None,25.67,None,27.66,None,10.34,None,39.67,None,23.00,None,23.67,None,13.00,None,28.99,None,44.68,None,31.68,None,13.33,None,4.33
1769447383.095353,None,25.67,None,27.66,None,10.34,None,39.67,None,23.00,None,23.67,None,13.00,None,28.99,None,44.68,None,31.68,None,13.33,None,4.33
1769447386.30888,None,27.34,None,27.66,None,10.34,None,30.67,None,26.33,None,28.00,None,13.00,None,28.99,None,44.68,None,31.68,None,13.33,None,4.33
1769447386.309682,None,27.34,None,27.66,None,10.34,None,30.67,None,26.33,None,28.00,None,13.00,None,28.99,None,44.68,None,31.68,None,13.33,None,4.33
1769447393.6322615,None,27.34,None,20.33,None,1.67,None,21.67,None,24.66,None,26.33,None,13.00,None,None,None,20.67,None,31.68,None,9.00,None,0.00
1769447393.6329381,None,27.34,None,20.33,None,1.67,None,21.67,None,24.66,None,26.33,None,13.00,None,None,None,20.67,None,31.68,None,9.00,None,0.00
1769447393.876541,None,27.34,None,23.66,None,6.00,None,21.67,None,24.66,None,26.33,None,13.00,None,None,None,20.67,None,31.68,None,9.00,None,9.00
1769447393.8772423,None,27.34,None,23.66,None,6.00,None,21.67,None,24.66,None,26.33,None,13.00,None,None,None,20.67,None,31.68,None,9.00,None,9.00
1769447394.0922194,None,29.01,None,23.66,None,6.00,None,21.67,None,24.66,None,26.33,None,13.00,None,None,None,20.67,None,40.35,None,9.00,None,9.00
1769447394.0929325,None,29.01,None,23.66,None,6.00,None,21.67,None,24.66,None,26.33,None,13.00,None,None,None,20.67,None,40.35,None,9.00,None,9.00
1769447394.3021026,None,29.01,None,23.66,None,6.00,None,26.00,None,27.99,None,26.33,None,13.00,None,None,None,22.34,None,40.35,None,9.00,None,9.00
1769447394.303001,None,29.01,None,23.66,None,6.00,None,26.00,None,27.99,None,26.33,None,13.00,None,None,None,22.34,None,40.35,None,9.00,None,9.00
1769447394.4754548,None,29.01,None,23.66,None,6.00,None,26.00,None,27.99,None,26.33,None,13.00,None,None,None,22.34,None,40.35,None,9.00,None,9.00
1769447394.4762049,None,29.01,None,23.66,None,6.00,None,26.00,None,27.99,None,26.33,None,13.00,None,None,None,22.34,None,40.35,None,9.00,None,9.00
1769447396.8213382,None,29.01,None,20.33,None,13.00,None,13.00,None,28.99,None,17.00,None,13.00,None,None,None,22.34,None,31.68,None,9.00,None,9.00
1769447396.8221958,None,29.01,None,20.33,None,13.00,None,13.00,None,28.99,None,17.00,None,13.00,None,None,None,22.34,None,31.68,None,9.00,None,9.00
1769447397.2235253,None,29.01,None,22.00,None,13.00,None,13.00,None,28.99,None,25.67,None,13.00,None,None,None,26.67,None,31.68,None,9.00,None,9.00
1769447397.2242012,None,29.01,None,22.00,None,13.00,None,13.00,None,28.99,None,25.67,None,13.00,None,None,None,26.67,None,31.68,None,9.00,None,9.00
1769447397.4609694,None,29.01,None,22.00,None,13.00,None,13.00,None,28.99,None,25.67,None,13.00,None,None,None,26.67,None,31.68,None,9.00,None,9.00
1769447397.461647,None,29.01,None,22.00,None,13.00,None,13.00,None,28.99,None,25.67,None,13.00,None,None,None,26.67,None,31.68,None,9.00,None,9.00
1769447397.69029,None,29.01,None,25.33,None,13.00,None,17.33,None,28.99,None,27.34,None,13.00,None,None,None,26.67,None,31.68,None,9.00,None,9.00
1769447397.6909811,None,29.01,None,25.33,None,13.00,None,17.33,None,28.99,None,27.34,None,13.00,None,None,None,26.67,None,31.68,None,9.00,None,9.00
1769447397.8918433,None,29.01,None,28.66,None,13.00,None,17.33,None,28.99,None,31.67,None,13.00,None,None,None,35.34,None,31.68,None,9.00,None,10.67
1769447397.8927007,None,29.01,None,28.66,None,13.00,None,17.33,None,28.99,None,31.67,None,13.00,None,None,None,35.34,None,31.68,None,9.00,None,10.67
1769447398.118179,None,29.01,None,28.66,None,13.00,None,17.33,None,28.99,None,31.67,None,13.00,None,None,None,35.34,None,31.68,None,9.00,None,10.67
1769447398.1188774,None,29.01,None,28.66,None,13.00,None,17.33,None,28.99,None,31.67,None,13.00,None,None,None,35.34,None,31.68,None,9.00,None,10.67
1769447398.2915306,None,29.01,None,28.66,None,13.00,None,17.33,None,28.99,None,31.67,None,13.00,None,None,None,35.34,None,31.68,None,9.00,None,10.67
1769447398.2922833,None,29.01,None,28.66,None,13.00,None,17.33,None,28.99,None,31.67,None,13.00,None,None,None,35.34,None,31.68,None,9.00,None,10.67
1769447401.3295202,None,27.34,None,23.32,None,13.00,None,17.33,None,28.99,None,31.67,None,13.00,None,None,None,32.01,None,19.01,None,9.00,None,10.67
1769447401.3325658,None,27.34,None,23.32,None,13.00,None,17.33,None,28.99,None,31.67,None,13.00,None,None,None,32.01,None,19.01,None,9.00,None,10.67
1769447401.542904,None,27.34,None,23.32,None,13.00,None,24.66,None,28.99,None,31.67,None,13.00,None,None,None,33.68,None,19.01,None,9.00,None,10.67
1769447401.5436103,None,27.34,None,23.32,None,13.00,None,24.66,None,28.99,None,31.67,None,13.00,None,None,None,33.68,None,19.01,None,9.00,None,10.67
1769447416.2666156,None,27.34,None,23.32,None,13.00,None,26.33,None,28.99,None,35.00,None,13.00,None,3.33,None,33.68,None,31.68,None,9.00,None,10.67
1769447416.2673635,None,27.34,None,23.32,None,13.00,None,26.33,None,28.99,None,35.00,None,13.00,None,3.33,None,33.68,None,31.68,None,9.00,None,10.67
1769447416.4886649,None,27.34,None,23.32,None,13.00,None,26.33,None,28.99,None,35.00,None,13.00,None,3.33,None,33.68,None,31.68,None,9.00,None,10.67
1769447416.4895844,None,27.34,None,23.32,None,13.00,None,26.33,None,28.99,None,35.00,None,13.00,None,3.33,None,33.68,None,31.68,None,9.00,None,10.67
1769447416.6895819,None,27.34,None,23.32,None,13.00,None,26.33,None,28.99,None,36.67,None,13.00,None,3.33,None,42.68,None,40.35,None,9.00,None,10.67
1769447416.6903226,None,27.34,None,23.32,None,13.00,None,26.33,None,28.99,None,36.67,None,13.00,None,3.33,None,42.68,None,40.35,None,9.00,None,10.67
1769447416.8556187,None,27.34,None,23.32,None,13.00,None,26.33,None,28.99,None,36.67,None,13.00,None,3.33,None,42.68,None,40.35,None,9.00,None,10.67
1769447416.8564165,None,27.34,None,23.32,None,13.00,None,26.33,None,28.99,None,36.67,None,13.00,None,3.33,None,42.68,None,40.35,None,9.00,None,10.67
1769447417.0641618,None,27.34,None,23.32,None,13.00,None,26.33,None,28.99,None,36.67,None,13.00,None,3.33,None,42.68,None,40.35,None,9.00,None,10.67
1769447417.0649853,None,27.34,None,23.32,None,13.00,None,26.33,None,28.99,None,36.67,None,13.00,None,3.33,None,42.68,None,40.35,None,9.00,None,10.67
1769447417.8232927,None,None,None,16.66,None,13.00,None,24.66,None,25.66,None,24.68,None,4.33,None,3.33,None,30.01,None,26.01,None,0.00,None,9.00
1769447417.8239682,None,None,None,16.66,None,13.00,None,24.66,None,25.66,None,24.68,None,4.33,None,3.33,None,30.01,None,26.01,None,0.00,None,9.00
1769447418.056476,None,None,None,18.33,None,13.00,None,24.66,None,25.66,None,24.68,None,4.33,None,12.00,None,43.01,None,26.01,None,0.00,None,9.00
1769447418.0571842,None,None,None,18.33,None,13.00,None,24.66,None,25.66,None,24.68,None,4.33,None,12.00,None,43.01,None,26.01,None,0.00,None,9.00
1769447418.2892585,None,None,None,18.33,None,13.00,None,33.66,None,25.66,None,35.02,None,4.33,None,15.33,None,43.01,None,26.01,None,0.00,None,9.00
1769447418.2901068,None,None,None,18.33,None,13.00,None,33.66,None,25.66,None,35.02,None,4.33,None,15.33,None,43.01,None,26.01,None,0.00,None,9.00
1769447418.5209765,None,None,None,18.33,None,13.00,None,33.66,None,25.66,None,35.02,None,13.33,None,15.33,None,43.01,None,30.01,None,0.00,None,12.33
1769447418.5217056,None,None,None,18.33,None,13.00,None,33.66,None,25.66,None,35.02,None,13.33,None,15.33,None,43.01,None,30.01,None,0.00,None,12.33
1769447418.7195005,None,None,None,18.33,None,13.00,None,33.66,None,25.66,None,35.02,None,13.33,None,15.33,None,43.01,None,30.01,None,0.00,None,12.33
1769447418.72021,None,None,None,18.33,None,13.00,None,33.66,None,25.66,None,35.02,None,13.33,None,15.33,None,43.01,None,30.01,None,0.00,None,12.33
1769447418.9094682,None,None,None,18.33,None,13.00,None,33.66,None,25.66,None,35.02,None,13.33,None,15.33,None,43.01,None,30.01,None,0.00,None,12.33
1769447418.9101927,None,None,None,18.33,None,13.00,None,33.66,None,25.66,None,35.02,None,13.33,None,15.33,None,43.01,None,30.01,None,0.00,None,12.33
1769447419.142498,None,None,None,18.33,None,13.00,None,33.66,None,25.66,None,39.35,None,13.33,None,15.33,None,43.01,None,30.01,None,0.00,None,12.33
1769447419.1432278,None,None,None,18.33,None,13.00,None,33.66,None,25.66,None,39.35,None,13.33,None,15.33,None,43.01,None,30.01,None,0.00,None,12.33
1769447419.327099,None,None,None,18.33,None,13.00,None,33.66,None,25.66,None,39.35,None,13.33,None,15.33,None,43.01,None,30.01,None,0.00,None,12.33
1769447419.3280487,None,None,None,18.33,None,13.00,None,33.66,None,25.66,None,39.35,None,13.33,None,15.33,None,43.01,None,30.01,None,0.00,None,12.33
1769447419.508282,None,None,None,18.33,None,13.00,None,33.66,None,25.66,None,39.35,None,13.33,None,15.33,None,43.01,None,30.01,None,0.00,None,12.33
1769447419.5090828,None,None,None,18.33,None,13.00,None,33.66,None,25.66,None,39.35,None,13.33,None,15.33,None,43.01,None,30.01,None,0.00,None,12.33
1769447427.2949383,None,None,None,27.00,None,13.00,None,33.66,None,25.66,None,39.35,None,13.33,None,12.00,None,41.34,None,30.01,None,4.33,None,12.33
1769447427.2958465,None,None,None,27.00,None,13.00,None,33.66,None,25.66,None,39.35,None,13.33,None,12.00,None,41.34,None,30.01,None,4.33,None,12.33
1769447428.2566469,None,None,None,27.00,None,13.00,None,33.66,None,25.66,None,39.35,None,13.33,None,12.00,None,41.34,None,30.01,None,4.33,None,12.33
1769447428.2573898,None,None,None,27.00,None,13.00,None,33.66,None,25.66,None,39.35,None,13.33,None,12.00,None,41.34,None,30.01,None,4.33,None,12.33
1769447428.4384992,None,None,None,27.00,None,13.00,None,33.66,None,25.66,None,39.35,None,13.33,None,12.00,None,41.34,None,30.01,None,4.33,None,12.33
1769447428.4394598,None,None,None,27.00,None,13.00,None,33.66,None,25.66,None,39.35,None,13.33,None,12.00,None,41.34,None,30.01,None,4.33,None,12.33
1769447428.6284068,None,None,None,27.00,None,13.00,None,33.66,None,25.66,None,39.35,None,13.33,None,12.00,None,41.34,None,30.01,None,4.33,None,12.33
1769447428.6291335,None,None,None,27.00,None,13.00,None,33.66,None,25.66,None,39.35,None,13.33,None,12.00,None,41.34,None,30.01,None,4.33,None,12.33
1769447429.3927572,None,None,None,27.00,None,13.00,None,33.66,None,25.66,None,39.35,None,13.33,None,12.00,None,41.34,None,30.01,None,4.33,None,12.33
1769447429.3935292,None,None,None,27.00,None,13.00,None,33.66,None,25.66,None,39.35,None,13.33,None,12.00,None,41.34,None,30.01,None,4.33,None,12.33
1769447429.5797424,None,None,None,27.00,None,13.00,None,33.66,None,25.66,None,39.35,None,13.33,None,12.00,None,41.34,None,30.01,None,4.33,None,12.33
1769447429.5806,None,None,None,27.00,None,13.00,None,33.66,None,25.66,None,39.35,None,13.33,None,12.00,None,41.34,None,30.01,None,4.33,None,12.33
1769447429.7660365,None,None,None,27.00,None,13.00,None,33.66,None,25.66,None,39.35,None,13.33,None,12.00,None,41.34,None,30.01,None,4.33,None,12.33
1769447429.7667553,None,None,None,27.00,None,13.00,None,33.66,None,25.66,None,39.35,None,13.33,None,12.00,None,41.34,None,30.01,None,4.33,None,12.33
1769447432.2649152,None,None,None,27.00,None,13.00,None,33.66,None,25.66,None,30.68,None,13.33,None,12.00,None,36.34,None,30.01,None,4.33,None,12.33
1769447432.2656252,None,None,None,27.00,None,13.00,None,33.66,None,25.66,None,30.68,None,13.33,None,12.00,None,36.34,None,30.01,None,4.33,None,12.33
1769447438.8635478,None,15.34,None,25.33,None,13.00,None,33.66,None,25.66,None,24.68,None,13.33,None,None,None,18.67,None,21.34,None,0.00,None,12.33
1769447438.8642383,None,15.34,None,25.33,None,13.00,None,33.66,None,25.66,None,24.68,None,13.33,None,None,None,18.67,None,21.34,None,0.00,None,12.33
1769447439.0778983,None,15.34,None,25.33,None,13.00,None,33.66,None,25.66,None,33.68,None,13.33,None,None,None,18.67,None,21.34,None,1.67,None,12.33
1769447439.0785866,None,15.34,None,25.33,None,13.00,None,33.66,None,25.66,None,33.68,None,13.33,None,None,None,18.67,None,21.34,None,1.67,None,12.33
1769447439.306746,None,15.34,None,25.33,None,13.00,None,33.66,None,29.99,None,37.01,None,13.33,None,None,None,18.67,None,30.01,None,1.67,None,12.33
1769447439.307432,None,15.34,None,25.33,None,13.00,None,33.66,None,29.99,None,37.01,None,13.33,None,None,None,18.67,None,30.01,None,1.67,None,12.33
1769447439.5288663,None,15.34,None,25.33,None,13.00,None,35.33,None,29.99,None,37.01,None,13.33,None,None,None,18.67,None,30.01,None,10.34,None,12.33
1769447439.5295625,None,15.34,None,25.33,None,13.00,None,35.33,None,29.99,None,37.01,None,13.33,None,None,None,18.67,None,30.01,None,10.34,None,12.33
1769447442.3116593,None,18.67,None,23.00,None,13.00,None,6.00,None,20.99,None,25.00,None,9.00,None,None,None,19.00,None,21.34,None,10.34,None,12.33
1769447442.3125076,None,18.67,None,23.00,None,13.00,None,6.00,None,20.99,None,25.00,None,9.00,None,None,None,19.00,None,21.34,None,10.34,None,12.33
1769447442.5270953,None,18.67,None,23.00,None,13.00,None,6.00,None,20.99,None,25.00,None,9.00,None,None,None,19.00,None,21.34,None,10.34,None,12.33
1769447442.527692,None,18.67,None,23.00,None,13.00,None,6.00,None,20.99,None,25.00,None,9.00,None,None,None,19.00,None,21.34,None,10.34,None,12.33
1769447442.7504036,None,18.67,None,23.00,None,13.00,None,6.00,None,20.99,None,25.00,None,10.67,None,None,None,19.00,None,24.67,None,10.34,None,12.33
1769447442.751029,None,18.67,None,23.00,None,13.00,None,6.00,None,20.99,None,25.00,None,10.67,None,None,None,19.00,None,24.67,None,10.34,None,12.33
1769447447.3086178,None,27.67,None,30.00,None,13.00,None,10.00,None,25.32,None,16.33,None,10.67,None,None,None,19.00,None,24.67,None,10.34,None,12.33
1769447447.3094897,None,27.67,None,30.00,None,13.00,None,10.00,None,25.32,None,16.33,None,10.67,None,None,None,19.00,None,24.67,None,10.34,None,12.33
1769447452.3064907,None,19.00,None,26.67,None,13.00,None,10.00,None,16.32,None,16.33,None,10.67,None,None,None,19.00,None,29.67,None,10.34,None,12.33
1769447452.3071656,None,19.00,None,26.67,None,13.00,None,10.00,None,16.32,None,16.33,None,10.67,None,None,None,19.00,None,29.67,None,10.34,None,12.33
1769447453.3200326,None,19.00,None,26.67,None,13.00,None,10.00,None,16.32,None,16.33,None,10.67,None,None,None,20.67,None,29.67,None,10.34,None,12.33
1769447453.3207266,None,19.00,None,26.67,None,13.00,None,10.00,None,16.32,None,16.33,None,10.67,None,None,None,20.67,None,29.67,None,10.34,None,12.33
1769447453.5428295,None,23.33,None,26.67,None,13.00,None,10.00,None,25.32,None,16.33,None,10.67,None,None,None,25.67,None,29.67,None,10.34,None,12.33
1769447453.5435112,None,23.33,None,26.67,None,13.00,None,10.00,None,25.32,None,16.33,None,10.67,None,None,None,25.67,None,29.67,None,10.34,None,12.33
1769447453.762589,None,25.00,None,26.67,None,13.00,None,10.00,None,29.65,None,25.00,None,10.67,None,None,None,38.67,None,29.67,None,10.34,None,12.33
1769447453.7634664,None,25.00,None,26.67,None,13.00,None,10.00,None,29.65,None,25.00,None,10.67,None,None,None,38.67,None,29.67,None,10.34,None,12.33
1769447454.6152031,None,25.00,None,26.67,None,13.00,None,10.00,None,29.65,None,33.67,None,10.67,None,None,None,38.67,None,29.67,None,10.34,None,12.33
1769447454.615944,None,25.00,None,26.67,None,13.00,None,10.00,None,29.65,None,33.67,None,10.67,None,None,None,38.67,None,29.67,None,10.34,None,12.33
1769447454.8521206,None,20.00,None,23.34,None,8.67,None,5.67,None,None,None,8.67,None,12.34,None,None,None,27.33,None,16.00,None,8.67,None,3.33
1769447454.8530686,None,20.00,None,23.34,None,8.67,None,5.67,None,None,None,8.67,None,12.34,None,None,None,27.33,None,16.00,None,8.67,None,3.33
1769447455.0916533,None,20.00,None,23.34,None,8.67,None,5.67,None,None,None,8.67,None,12.34,None,None,None,30.66,None,16.00,None,8.67,None,3.33
1769447455.0923152,None,20.00,None,23.34,None,8.67,None,5.67,None,None,None,8.67,None,12.34,None,None,None,30.66,None,16.00,None,8.67,None,3.33
1769447455.3160553,None,20.00,None,23.34,None,10.34,None,5.67,None,None,None,8.67,None,12.34,None,None,None,30.66,None,16.00,None,8.67,None,7.66
1769447455.3167262,None,20.00,None,23.34,None,10.34,None,5.67,None,None,None,8.67,None,12.34,None,None,None,30.66,None,16.00,None,8.67,None,7.66
1769447455.5558023,None,23.33,None,23.34,None,10.34,None,5.67,None,None,None,8.67,None,12.34,None,None,None,30.66,None,16.00,None,8.67,None,7.66
1769447455.5564623,None,23.33,None,23.34,None,10.34,None,5.67,None,None,None,8.67,None,12.34,None,None,None,30.66,None,16.00,None,8.67,None,7.66
1769447455.8209994,None,23.33,None,23.34,None,10.34,None,5.67,None,None,None,12.67,None,12.34,None,None,None,30.66,None,16.00,None,8.67,None,7.66
1769447455.8216395,None,23.33,None,23.34,None,10.34,None,5.67,None,None,None,12.67,None,12.34,None,None,None,30.66,None,16.00,None,8.67,None,7.66
1769447456.049875,None,26.66,None,23.34,None,10.34,None,5.67,None,None,None,12.67,None,12.01,None,None,None,30.66,None,12.00,None,13.00,None,4.33
1769447456.0506968,None,26.66,None,23.34,None,10.34,None,5.67,None,None,None,12.67,None,12.01,None,None,None,30.66,None,12.00,None,13.00,None,4.33
1769447456.2702413,None,26.66,None,26.67,None,10.34,None,5.67,None,None,None,26.00,None,12.01,None,None,None,39.33,None,12.00,None,13.00,None,4.33
1769447456.2709358,None,26.66,None,26.67,None,10.34,None,5.67,None,None,None,26.00,None,12.01,None,None,None,39.33,None,12.00,None,13.00,None,4.33
1769447456.5076082,None,26.66,None,26.67,None,10.34,None,5.67,None,None,None,26.00,None,12.01,None,None,None,41.00,None,15.33,None,13.00,None,4.33
1769447456.5083206,None,26.66,None,26.67,None,10.34,None,5.67,None,None,None,26.00,None,12.01,None,None,None,41.00,None,15.33,None,13.00,None,4.33
1769447456.75496,None,26.66,None,26.67,None,10.34,None,5.67,None,None,None,34.67,None,12.01,None,None,None,42.67,None,19.33,None,13.00,None,8.66
1769447456.7556813,None,26.66,None,26.67,None,10.34,None,5.67,None,None,None,34.67,None,12.01,None,None,None,42.67,None,19.33,None,13.00,None,8.66
1769447456.9706721,None,26.66,None,26.67,None,10.34,None,5.67,None,None,None,39.00,None,12.01,None,None,None,46.67,None,21.00,None,13.00,None,8.66
1769447456.9714324,None,26.66,None,26.67,None,10.34,None,5.67,None,None,None,39.00,None,12.01,None,None,None,46.67,None,21.00,None,13.00,None,8.66
1769447457.3260875,None,18.33,None,25.01,None,1.67,None,13.00,None,None,None,25.67,None,3.34,None,None,None,36.33,None,9.00,None,4.33,None,8.66
1769447457.326783,None,18.33,None,25.01,None,1.67,None,13.00,None,None,None,25.67,None,3.34,None,None,None,36.33,None,9.00,None,4.33,None,8.66
1769447457.5602107,None,18.33,None,25.01,None,1.67,None,13.00,None,None,None,34.34,None,5.01,None,None,None,36.33,None,9.00,None,4.33,None,8.66
1769447457.5608976,None,18.33,None,25.01,None,1.67,None,13.00,None,None,None,34.34,None,5.01,None,None,None,36.33,None,9.00,None,4.33,None,8.66
1769447457.7991133,None,20.00,None,25.01,None,1.67,None,13.00,None,None,None,34.34,None,5.01,None,None,None,36.33,None,17.67,None,4.33,None,8.66
1769447457.7997835,None,20.00,None,25.01,None,1.67,None,13.00,None,None,None,34.34,None,5.01,None,None,None,36.33,None,17.67,None,4.33,None,8.66
1769447458.0332098,None,20.00,None,25.01,None,1.67,None,13.00,None,None,None,34.34,None,5.01,None,None,None,36.33,None,21.00,None,4.33,None,8.66
1769447458.0338905,None,20.00,None,25.01,None,1.67,None,13.00,None,None,None,34.34,None,5.01,None,None,None,36.33,None,21.00,None,4.33,None,8.66
1769447458.2144952,None,20.00,None,25.01,None,1.67,None,13.00,None,None,None,34.34,None,5.01,None,None,None,36.33,None,21.00,None,4.33,None,8.66
1769447458.2155035,None,20.00,None,25.01,None,1.67,None,13.00,None,None,None,34.34,None,5.01,None,None,None,36.33,None,21.00,None,4.33,None,8.66
1769447459.0809557,None,21.67,None,25.01,None,1.67,None,13.00,None,None,None,34.34,None,8.34,None,None,None,40.66,None,21.00,None,13.33,None,8.66
1769447459.0816483,None,21.67,None,25.01,None,1.67,None,13.00,None,None,None,34.34,None,8.34,None,None,None,40.66,None,21.00,None,13.33,None,8.66
1769447459.3180723,None,23.34,None,25.01,None,5.00,None,13.00,None,None,None,43.34,None,8.34,None,None,None,40.66,None,21.00,None,13.33,None,8.66
1769447459.318944,None,23.34,None,25.01,None,5.00,None,13.00,None,None,None,43.34,None,8.34,None,None,None,40.66,None,21.00,None,13.33,None,8.66
1769447463.0925891,None,None,None,12.01,None,1.67,None,13.00,None,None,None,26.01,None,6.67,None,0.00,None,18.66,None,11.66,None,13.33,None,8.66
1769447463.0933533,None,None,None,12.01,None,1.67,None,13.00,None,None,None,26.01,None,6.67,None,0.00,None,18.66,None,11.66,None,13.33,None,8.66
1769447463.3363695,None,None,None,12.01,None,1.67,None,13.00,None,None,None,26.01,None,6.67,None,0.00,None,23.66,None,11.66,None,13.33,None,8.66
1769447463.3369668,None,None,None,12.01,None,1.67,None,13.00,None,None,None,26.01,None,6.67,None,0.00,None,23.66,None,11.66,None,13.33,None,8.66
1769447463.5784826,None,None,None,12.01,None,1.67,None,13.00,None,None,None,26.01,None,8.34,None,0.00,None,23.66,None,11.66,None,13.33,None,8.66
1769447463.5790856,None,None,None,12.01,None,1.67,None,13.00,None,None,None,26.01,None,8.34,None,0.00,None,23.66,None,11.66,None,13.33,None,8.66
1769447463.826677,None,None,None,12.01,None,1.67,None,13.00,None,None,None,26.01,None,8.34,None,0.00,None,23.66,None,20.33,None,13.33,None,8.66
1769447463.827341,None,None,None,12.01,None,1.67,None,13.00,None,None,None,26.01,None,8.34,None,0.00,None,23.66,None,20.33,None,13.33,None,8.66
1769447464.0772853,None,None,None,12.01,None,1.67,None,21.67,None,None,None,26.01,None,8.34,None,3.33,None,25.33,None,20.33,None,13.33,None,8.66
1769447464.077921,None,None,None,12.01,None,1.67,None,21.67,None,None,None,26.01,None,8.34,None,3.33,None,25.33,None,20.33,None,13.33,None,8.66
1769447464.3102794,None,None,None,21.01,None,1.67,None,21.67,None,None,None,26.01,None,8.34,None,12.00,None,27.00,None,20.33,None,13.33,None,8.66
1769447464.311092,None,None,None,21.01,None,1.67,None,21.67,None,None,None,26.01,None,8.34,None,12.00,None,27.00,None,20.33,None,13.33,None,8.66
1769447464.5346756,None,None,None,25.34,None,1.67,None,21.67,None,None,None,26.01,None,8.34,None,12.00,None,27.00,None,23.66,None,13.33,None,8.66
1769447464.5357955,None,None,None,25.34,None,1.67,None,21.67,None,None,None,26.01,None,8.34,None,12.00,None,27.00,None,23.66,None,13.33,None,8.66
1769447464.7632225,None,None,None,25.34,None,1.67,None,30.34,None,None,None,26.01,None,10.01,None,12.00,None,30.33,None,23.66,None,13.33,None,12.99
1769447464.7639234,None,None,None,25.34,None,1.67,None,30.34,None,None,None,26.01,None,10.01,None,12.00,None,30.33,None,23.66,None,13.33,None,12.99
1769447465.0045478,None,None,None,25.34,None,1.67,None,30.34,None,None,None,26.01,None,10.01,None,12.00,None,30.33,None,23.66,None,13.33,None,12.99
1769447465.0053864,None,None,None,25.34,None,1.67,None,30.34,None,None,None,26.01,None,10.01,None,12.00,None,30.33,None,23.66,None,13.33,None,12.99
1769447467.3784976,None,None,None,25.34,None,10.34,None,21.67,None,None,None,30.01,None,8.34,None,None,None,24.33,None,23.66,None,8.66,None,12.99
1769447467.3791416,None,None,None,25.34,None,10.34,None,21.67,None,None,None,30.01,None,8.34,None,None,None,24.33,None,23.66,None,8.66,None,12.99
1769447467.5938206,None,None,None,25.34,None,10.34,None,26.00,None,None,None,38.68,None,8.34,None,None,None,24.33,None,23.66,None,8.66,None,12.99
1769447467.5944479,None,None,None,25.34,None,10.34,None,26.00,None,None,None,38.68,None,8.34,None,None,None,24.33,None,23.66,None,8.66,None,12.99
1769447472.3275402,None,None,None,25.34,None,6.00,None,36.34,None,None,None,38.01,None,5.01,None,None,None,19.33,None,23.66,None,4.33,None,12.99
1769447472.328219,None,None,None,25.34,None,6.00,None,36.34,None,None,None,38.01,None,5.01,None,None,None,19.33,None,23.66,None,4.33,None,12.99
1769447477.3598826,None,None,None,16.34,None,6.00,None,27.67,None,4.33,None,41.34,None,3.34,None,None,None,14.33,None,36.66,None,4.33,None,8.66
1769447477.3605466,None,None,None,16.34,None,6.00,None,27.67,None,4.33,None,41.34,None,3.34,None,None,None,14.33,None,36.66,None,4.33,None,8.66
1769447477.613333,None,None,None,16.34,None,6.00,None,27.67,None,4.33,None,41.34,None,3.34,None,None,None,14.33,None,36.66,None,13.00,None,8.66
1769447477.6139684,None,None,None,16.34,None,6.00,None,27.67,None,4.33,None,41.34,None,3.34,None,None,None,14.33,None,36.66,None,13.00,None,8.66
1769447483.0487485,None,None,None,16.34,None,6.00,None,32.00,None,13.33,None,45.34,None,3.34,None,None,None,11.00,None,36.66,None,13.00,None,8.66
1769447483.049436,None,None,None,16.34,None,6.00,None,32.00,None,13.33,None,45.34,None,3.34,None,None,None,11.00,None,36.66,None,13.00,None,8.66
1769447485.3512473,None,13.33,None,18.01,None,6.00,None,32.00,None,13.33,None,45.34,None,3.34,None,None,None,11.00,None,36.66,None,13.00,None,8.66
1769447485.3519247,None,13.33,None,18.01,None,6.00,None,32.00,None,13.33,None,45.34,None,3.34,None,None,None,11.00,None,36.66,None,13.00,None,8.66
1769447485.6057866,None,13.33,None,18.01,None,6.00,None,32.00,None,13.33,None,45.34,None,3.34,None,None,None,11.00,None,36.66,None,13.00,None,8.66
1769447485.606575,None,13.33,None,18.01,None,6.00,None,32.00,None,13.33,None,45.34,None,3.34,None,None,None,11.00,None,36.66,None,13.00,None,8.66
1769447485.862861,None,13.33,None,18.01,None,6.00,None,32.00,None,13.33,None,45.34,None,3.34,None,None,None,14.33,None,45.66,None,13.00,None,8.66
1769447485.863588,None,13.33,None,18.01,None,6.00,None,32.00,None,13.33,None,45.34,None,3.34,None,None,None,14.33,None,45.66,None,13.00,None,8.66
1769447486.115382,None,22.33,None,21.34,None,6.00,None,32.00,None,13.33,None,45.34,None,3.34,None,None,None,14.33,None,45.66,None,13.00,None,8.66
1769447486.1160603,None,22.33,None,21.34,None,6.00,None,32.00,None,13.33,None,45.34,None,3.34,None,None,None,14.33,None,45.66,None,13.00,None,8.66
1769447486.3389542,None,22.33,None,21.34,None,6.00,None,32.00,None,13.33,None,45.34,None,3.34,None,None,None,14.33,None,45.66,None,13.00,None,8.66
1769447486.3396466,None,22.33,None,21.34,None,6.00,None,32.00,None,13.33,None,45.34,None,3.34,None,None,None,14.33,None,45.66,None,13.00,None,8.66
1769447486.5184443,None,22.33,None,21.34,None,6.00,None,32.00,None,13.33,None,45.34,None,3.34,None,None,None,14.33,None,45.66,None,13.00,None,8.66
1769447486.5191693,None,22.33,None,21.34,None,6.00,None,32.00,None,13.33,None,45.34,None,3.34,None,None,None,14.33,None,45.66,None,13.00,None,8.66
1769447487.3609157,None,22.33,None,21.34,None,6.00,None,32.00,None,13.33,None,45.34,None,12.34,None,None,None,17.66,None,36.99,None,13.00,None,8.66
1769447487.3616798,None,22.33,None,21.34,None,6.00,None,32.00,None,13.33,None,45.34,None,12.34,None,None,None,17.66,None,36.99,None,13.00,None,8.66
1769447491.5117517,None,None,None,6.00,None,6.00,None,19.00,None,9.00,None,45.34,None,3.34,None,3.33,None,21.67,None,27.99,None,8.67,None,8.66
1769447491.5124362,None,None,None,6.00,None,6.00,None,19.00,None,9.00,None,45.34,None,3.34,None,3.33,None,21.67,None,27.99,None,8.67,None,8.66
1769447491.7740145,None,None,None,14.67,None,6.00,None,19.00,None,9.00,None,45.34,None,3.34,None,3.33,None,30.67,None,27.99,None,8.67,None,8.66
1769447491.7746825,None,None,None,14.67,None,6.00,None,19.00,None,9.00,None,45.34,None,3.34,None,3.33,None,30.67,None,27.99,None,8.67,None,8.66
1769447492.0194283,None,None,None,14.67,None,6.00,None,19.00,None,9.00,None,45.34,None,3.34,None,12.00,None,35.00,None,27.99,None,8.67,None,8.66
1769447492.020118,None,None,None,14.67,None,6.00,None,19.00,None,9.00,None,45.34,None,3.34,None,12.00,None,35.00,None,27.99,None,8.67,None,8.66
1769447492.2509751,None,None,None,14.67,None,6.00,None,19.00,None,10.67,None,45.34,None,3.34,None,12.00,None,44.00,None,27.99,None,8.67,None,8.66
1769447492.2540762,None,None,None,14.67,None,6.00,None,19.00,None,10.67,None,45.34,None,3.34,None,12.00,None,44.00,None,27.99,None,8.67,None,8.66
1769447492.4939098,None,None,None,14.67,None,6.00,None,19.00,None,19.67,None,45.34,None,12.01,None,12.00,None,44.00,None,27.99,None,8.67,None,8.66
1769447492.494606,None,None,None,14.67,None,6.00,None,19.00,None,19.67,None,45.34,None,12.01,None,12.00,None,44.00,None,27.99,None,8.67,None,8.66
1769447492.7306962,None,None,None,13.00,None,6.00,None,19.00,None,19.67,None,42.01,None,12.01,None,21.00,None,39.67,None,14.99,None,0.00,None,8.66
1769447492.7313964,None,None,None,13.00,None,6.00,None,19.00,None,19.67,None,42.01,None,12.01,None,21.00,None,39.67,None,14.99,None,0.00,None,8.66
1769447492.9781108,None,None,None,13.00,None,6.00,None,23.33,None,19.67,None,50.68,None,12.01,None,21.00,None,39.67,None,14.99,None,0.00,None,8.66
1769447492.9787555,None,None,None,13.00,None,6.00,None,23.33,None,19.67,None,50.68,None,12.01,None,21.00,None,39.67,None,14.99,None,0.00,None,8.66
1769447493.2119277,None,None,None,13.00,None,6.00,None,23.33,None,19.67,None,50.68,None,12.01,None,24.33,None,39.67,None,14.99,None,8.67,None,8.66
1769447493.212579,None,None,None,13.00,None,6.00,None,23.33,None,19.67,None,50.68,None,12.01,None,24.33,None,39.67,None,14.99,None,8.67,None,8.66
1769447494.161682,None,None,None,21.67,None,6.00,None,27.33,None,19.67,None,50.68,None,12.01,None,24.33,None,48.67,None,19.32,None,8.67,None,8.66
1769447494.1625695,None,None,None,21.67,None,6.00,None,27.33,None,19.67,None,50.68,None,12.01,None,24.33,None,48.67,None,19.32,None,8.67,None,8.66
1769447495.4606254,None,None,None,17.34,None,6.00,None,27.33,None,23.00,None,50.68,None,13.68,None,None,None,24.67,None,15.99,None,8.67,None,8.66
1769447495.46133,None,None,None,17.34,None,6.00,None,27.33,None,23.00,None,50.68,None,13.68,None,None,None,24.67,None,15.99,None,8.67,None,8.66
1769447495.67589,None,None,None,17.34,None,6.00,None,36.00,None,23.00,None,50.68,None,13.68,None,None,None,24.67,None,19.32,None,8.67,None,8.66
1769447495.6765556,None,None,None,17.34,None,6.00,None,36.00,None,23.00,None,50.68,None,13.68,None,None,None,24.67,None,19.32,None,8.67,None,8.66
1769447495.8896823,None,None,None,25.00,None,6.00,None,36.00,None,23.00,None,50.68,None,13.68,None,None,None,24.67,None,19.32,None,8.67,None,8.66
1769447495.890339,None,None,None,25.00,None,6.00,None,36.00,None,23.00,None,50.68,None,13.68,None,None,None,24.67,None,19.32,None,8.67,None,8.66
1769447496.1464672,None,None,None,25.00,None,6.00,None,36.00,None,23.00,None,50.68,None,13.68,None,None,None,24.67,None,19.32,None,8.67,None,8.66
1769447496.1472688,None,None,None,25.00,None,6.00,None,36.00,None,23.00,None,50.68,None,13.68,None,None,None,24.67,None,19.32,None,8.67,None,8.66
1769447496.37565,None,None,None,25.00,None,6.00,None,36.00,None,23.00,None,50.68,None,13.68,None,None,None,24.67,None,19.32,None,8.67,None,8.66
1769447496.3765812,None,None,None,25.00,None,6.00,None,36.00,None,23.00,None,50.68,None,13.68,None,None,None,24.67,None,19.32,None,8.67,None,8.66
1769447499.351001,None,None,None,25.00,None,6.00,None,36.00,None,23.00,None,50.68,None,13.68,None,None,None,24.67,None,19.32,None,8.67,None,8.66
1769447499.3516848,None,None,None,25.00,None,6.00,None,36.00,None,23.00,None,50.68,None,13.68,None,None,None,24.67,None,19.32,None,8.67,None,8.66
1769447499.6000102,None,None,None,25.00,None,6.00,None,36.00,None,23.00,None,50.68,None,13.68,None,None,None,24.67,None,19.32,None,8.67,None,8.66
1769447499.6007018,None,None,None,25.00,None,6.00,None,36.00,None,23.00,None,50.68,None,13.68,None,None,None,24.67,None,19.32,None,8.67,None,8.66
1769447499.8616364,None,None,None,25.00,None,6.00,None,36.00,None,23.00,None,50.68,None,13.68,None,None,None,24.67,None,19.32,None,8.67,None,8.66
1769447499.8623626,None,None,None,25.00,None,6.00,None,36.00,None,23.00,None,50.68,None,13.68,None,None,None,24.67,None,19.32,None,8.67,None,8.66
1769447500.1047797,None,None,None,25.00,None,6.00,None,36.00,None,23.00,None,50.68,None,13.68,None,None,None,24.67,None,19.32,None,8.67,None,8.66
1769447500.1055279,None,None,None,25.00,None,6.00,None,36.00,None,23.00,None,50.68,None,13.68,None,None,None,24.67,None,19.32,None,8.67,None,8.66
1769447500.2954724,None,None,None,25.00,None,6.00,None,36.00,None,23.00,None,50.68,None,13.68,None,None,None,24.67,None,19.32,None,8.67,None,8.66
1769447500.2961528,None,None,None,25.00,None,6.00,None,36.00,None,23.00,None,50.68,None,13.68,None,None,None,24.67,None,19.32,None,8.67,None,8.66
1769447500.54212,None,None,None,29.33,None,6.00,None,36.00,None,23.00,None,50.68,None,13.68,None,None,None,28.67,None,19.32,None,8.67,None,8.66
1769447500.5428274,None,None,None,29.33,None,6.00,None,36.00,None,23.00,None,50.68,None,13.68,None,None,None,28.67,None,19.32,None,8.67,None,8.66
1769447502.7088358,None,None,None,29.33,None,6.00,None,33.34,None,14.00,None,46.68,None,13.68,None,None,None,28.67,None,27.99,None,13.00,None,8.66
1769447502.7095125,None,None,None,29.33,None,6.00,None,33.34,None,14.00,None,46.68,None,13.68,None,None,None,28.67,None,27.99,None,13.00,None,8.66
1769447527.4189415,None,0.00,None,20.66,None,1.67,None,17.00,None,10.67,None,26.01,None,10.34,None,0.00,None,28.67,None,17.66,None,0.00,None,8.66
1769447527.4195547,None,0.00,None,20.66,None,1.67,None,17.00,None,10.67,None,26.01,None,10.34,None,0.00,None,28.67,None,17.66,None,0.00,None,8.66
1769447527.660323,None,8.67,None,20.66,None,1.67,None,17.00,None,15.00,None,26.01,None,10.34,None,0.00,None,28.67,None,17.66,None,0.00,None,8.66
1769447527.661135,None,8.67,None,20.66,None,1.67,None,17.00,None,15.00,None,26.01,None,10.34,None,0.00,None,28.67,None,17.66,None,0.00,None,8.66
1769447527.9057045,None,8.67,None,20.66,None,1.67,None,17.00,None,24.00,None,26.01,None,10.34,None,0.00,None,28.67,None,17.66,None,0.00,None,8.66
1769447527.9064634,None,8.67,None,20.66,None,1.67,None,17.00,None,24.00,None,26.01,None,10.34,None,0.00,None,28.67,None,17.66,None,0.00,None,8.66
1769447528.1505136,None,8.67,None,20.66,None,1.67,None,17.00,None,24.00,None,34.68,None,10.34,None,0.00,None,30.34,None,17.66,None,0.00,None,8.66
1769447528.1513877,None,8.67,None,20.66,None,1.67,None,17.00,None,24.00,None,34.68,None,10.34,None,0.00,None,30.34,None,17.66,None,0.00,None,8.66
1769447529.2100146,None,8.67,None,20.66,None,1.67,None,17.00,None,24.00,None,34.68,None,10.34,None,5.00,None,39.01,None,21.99,None,9.00,None,8.66
1769447529.2109056,None,8.67,None,20.66,None,1.67,None,17.00,None,24.00,None,34.68,None,10.34,None,5.00,None,39.01,None,21.99,None,9.00,None,8.66
1769447529.4682455,None,8.67,None,11.99,None,1.67,None,4.33,None,15.00,None,34.68,None,10.67,None,5.00,None,34.34,None,14.33,None,9.00,None,8.66
1769447529.4689739,None,8.67,None,11.99,None,1.67,None,4.33,None,15.00,None,34.68,None,10.67,None,5.00,None,34.34,None,14.33,None,9.00,None,8.66
1769447529.7211127,None,13.00,None,15.32,None,1.67,None,4.33,None,15.00,None,34.68,None,10.67,None,6.67,None,34.34,None,14.33,None,9.00,None,8.66
1769447529.721743,None,13.00,None,15.32,None,1.67,None,4.33,None,15.00,None,34.68,None,10.67,None,6.67,None,34.34,None,14.33,None,9.00,None,8.66
1769447534.4845812,None,13.00,None,7.66,None,6.00,None,4.33,None,13.33,None,34.68,None,10.67,None,10.00,None,25.34,None,23.33,None,9.00,None,8.66
1769447534.4852686,None,13.00,None,7.66,None,6.00,None,4.33,None,13.33,None,34.68,None,10.67,None,10.00,None,25.34,None,23.33,None,9.00,None,8.66
1769447534.7355008,None,13.00,None,7.66,None,6.00,None,4.33,None,13.33,None,36.35,None,10.67,None,19.00,None,25.34,None,26.66,None,9.00,None,8.66
1769447534.7361655,None,13.00,None,7.66,None,6.00,None,4.33,None,13.33,None,36.35,None,10.67,None,19.00,None,25.34,None,26.66,None,9.00,None,8.66
1769447544.4921744,None,13.00,None,16.66,None,8.66,None,4.33,None,13.33,None,31.01,None,10.67,None,19.00,None,25.34,None,26.66,None,9.00,None,4.33
1769447544.4928532,None,13.00,None,16.66,None,8.66,None,4.33,None,13.33,None,31.01,None,10.67,None,19.00,None,25.34,None,26.66,None,9.00,None,4.33
1769447545.4509943,None,13.00,None,16.66,None,8.66,None,4.33,None,22.33,None,31.01,None,10.67,None,19.00,None,25.34,None,29.99,None,9.00,None,4.33
1769447545.4519415,None,13.00,None,16.66,None,8.66,None,4.33,None,22.33,None,31.01,None,10.67,None,19.00,None,25.34,None,29.99,None,9.00,None,4.33
1769447545.7166994,None,13.00,None,16.66,None,8.66,None,13.00,None,22.33,None,34.34,None,10.67,None,19.00,None,25.34,None,29.99,None,9.00,None,4.33
1769447545.7174196,None,13.00,None,16.66,None,8.66,None,13.00,None,22.33,None,34.34,None,10.67,None,19.00,None,25.34,None,29.99,None,9.00,None,4.33
1769447545.9683175,None,13.00,None,16.66,None,12.99,None,17.00,None,22.33,None,37.67,None,10.67,None,19.00,None,25.34,None,29.99,None,9.00,None,4.33
1769447545.9690108,None,13.00,None,16.66,None,12.99,None,17.00,None,22.33,None,37.67,None,10.67,None,19.00,None,25.34,None,29.99,None,9.00,None,4.33
1769447546.2294207,None,22.00,None,16.66,None,12.99,None,18.67,None,22.33,None,37.67,None,10.67,None,19.00,None,25.34,None,29.99,None,9.00,None,4.33
1769447546.230113,None,22.00,None,16.66,None,12.99,None,18.67,None,22.33,None,37.67,None,10.67,None,19.00,None,25.34,None,29.99,None,9.00,None,4.33
1769447546.484335,None,22.00,None,20.99,None,12.99,None,18.67,None,22.33,None,37.67,None,10.67,None,19.00,None,25.34,None,29.99,None,9.00,None,4.33
1769447546.4852242,None,22.00,None,20.99,None,12.99,None,18.67,None,22.33,None,37.67,None,10.67,None,19.00,None,25.34,None,29.99,None,9.00,None,4.33
1769447546.7233934,None,22.00,None,20.99,None,12.99,None,18.67,None,22.33,None,37.67,None,10.67,None,19.00,None,25.34,None,29.99,None,9.00,None,8.66
1769447546.7241106,None,22.00,None,20.99,None,12.99,None,18.67,None,22.33,None,37.67,None,10.67,None,19.00,None,25.34,None,29.99,None,9.00,None,8.66
1769447554.4742725,None,22.00,None,20.99,None,12.99,None,18.67,None,22.33,None,29.00,None,10.67,None,19.00,None,23.67,None,33.65,None,9.00,None,4.33
1769447554.4750166,None,22.00,None,20.99,None,12.99,None,18.67,None,22.33,None,29.00,None,10.67,None,19.00,None,23.67,None,33.65,None,9.00,None,4.33
1769447559.4950073,None,22.00,None,20.99,None,12.99,None,14.34,None,22.33,None,22.00,None,10.67,None,19.00,None,22.00,None,37.99,None,9.00,None,4.33
1769447559.495705,None,22.00,None,20.99,None,12.99,None,14.34,None,22.33,None,22.00,None,10.67,None,19.00,None,22.00,None,37.99,None,9.00,None,4.33
1769447559.7358677,None,22.00,None,20.99,None,12.99,None,14.34,None,22.33,None,23.67,None,10.67,None,28.00,None,22.00,None,37.99,None,9.00,None,4.33
1769447559.73655,None,22.00,None,20.99,None,12.99,None,14.34,None,22.33,None,23.67,None,10.67,None,28.00,None,22.00,None,37.99,None,9.00,None,4.33
1769447560.4854553,None,22.00,None,29.66,None,12.99,None,14.34,None,22.33,None,23.67,None,10.67,None,28.00,None,22.00,None,37.99,None,9.00,None,6.00
1769447560.4863226,None,22.00,None,29.66,None,12.99,None,14.34,None,22.33,None,23.67,None,10.67,None,28.00,None,22.00,None,37.99,None,9.00,None,6.00
1769447560.7351196,None,22.00,None,29.66,None,12.99,None,14.34,None,22.33,None,25.34,None,10.67,None,28.00,None,25.33,None,37.99,None,9.00,None,6.00
1769447560.7358518,None,22.00,None,29.66,None,12.99,None,14.34,None,22.33,None,25.34,None,10.67,None,28.00,None,25.33,None,37.99,None,9.00,None,6.00
1769447560.9692595,None,22.00,None,29.66,None,12.99,None,23.01,None,22.33,None,29.34,None,10.67,None,29.67,None,25.33,None,37.99,None,9.00,None,6.00
1769447560.970025,None,22.00,None,29.66,None,12.99,None,23.01,None,22.33,None,29.34,None,10.67,None,29.67,None,25.33,None,37.99,None,9.00,None,6.00
1769447561.9823704,None,22.00,None,29.66,None,12.99,None,23.01,None,22.33,None,29.34,None,10.67,None,29.67,None,25.33,None,37.99,None,9.00,None,6.00
1769447561.9855163,None,22.00,None,29.66,None,12.99,None,23.01,None,22.33,None,29.34,None,10.67,None,29.67,None,25.33,None,37.99,None,9.00,None,6.00
1769447562.1869612,None,22.00,None,29.66,None,12.99,None,23.01,None,22.33,None,29.34,None,10.67,None,29.67,None,25.33,None,37.99,None,9.00,None,6.00
1769447562.1877172,None,22.00,None,29.66,None,12.99,None,23.01,None,22.33,None,29.34,None,10.67,None,29.67,None,25.33,None,37.99,None,9.00,None,6.00
1769447562.4321594,None,22.00,None,29.66,None,12.99,None,31.68,None,22.33,None,29.34,None,10.67,None,29.67,None,25.33,None,41.32,None,9.00,None,6.00
1769447562.4329143,None,22.00,None,29.66,None,12.99,None,31.68,None,22.33,None,29.34,None,10.67,None,29.67,None,25.33,None,41.32,None,9.00,None,6.00
1769447564.500606,None,22.00,None,29.66,None,12.99,None,40.68,None,22.33,None,29.34,None,10.67,None,29.67,None,22.00,None,41.32,None,9.00,None,6.00
1769447564.5015612,None,22.00,None,29.66,None,12.99,None,40.68,None,22.33,None,29.34,None,10.67,None,29.67,None,22.00,None,41.32,None,9.00,None,6.00
1769447564.8049195,None,22.00,None,29.66,None,13.00,None,36.68,None,22.33,None,17.34,None,10.67,None,None,None,11.66,None,22.99,None,9.00,None,6.00
1769447564.805597,None,22.00,None,29.66,None,13.00,None,36.68,None,22.33,None,17.34,None,10.67,None,None,None,11.66,None,22.99,None,9.00,None,6.00
1769447565.0610347,None,22.00,None,29.66,None,13.00,None,40.68,None,22.33,None,17.34,None,10.67,None,None,None,24.99,None,26.32,None,9.00,None,6.00
1769447565.0617387,None,22.00,None,29.66,None,13.00,None,40.68,None,22.33,None,17.34,None,10.67,None,None,None,24.99,None,26.32,None,9.00,None,6.00
1769447565.317458,None,22.00,None,29.66,None,13.00,None,40.68,None,22.33,None,26.34,None,10.67,None,None,None,24.99,None,27.99,None,9.00,None,6.00
1769447565.3181815,None,22.00,None,29.66,None,13.00,None,40.68,None,22.33,None,26.34,None,10.67,None,None,None,24.99,None,27.99,None,9.00,None,6.00
1769447565.5423925,None,22.00,None,29.66,None,13.00,None,40.68,None,22.33,None,35.01,None,10.67,None,None,None,24.99,None,31.32,None,9.00,None,6.00
1769447565.543157,None,22.00,None,29.66,None,13.00,None,40.68,None,22.33,None,35.01,None,10.67,None,None,None,24.99,None,31.32,None,9.00,None,6.00
1769447565.756933,None,22.00,None,29.66,None,13.00,None,45.01,None,22.33,None,36.68,None,10.67,None,None,None,24.99,None,31.32,None,9.00,None,6.00
1769447565.7578952,None,22.00,None,29.66,None,13.00,None,45.01,None,22.33,None,36.68,None,10.67,None,None,None,24.99,None,31.32,None,9.00,None,6.00
1769447565.9546669,None,22.00,None,29.66,None,13.00,None,45.01,None,22.33,None,36.68,None,10.67,None,None,None,24.99,None,31.32,None,9.00,None,6.00
1769447565.9555185,None,22.00,None,29.66,None,13.00,None,45.01,None,22.33,None,36.68,None,10.67,None,None,None,24.99,None,31.32,None,9.00,None,6.00
1769447566.1800025,None,22.00,None,29.66,None,13.00,None,45.01,None,22.33,None,36.68,None,10.67,None,None,None,24.99,None,31.32,None,9.00,None,6.00
1769447566.1807323,None,22.00,None,29.66,None,13.00,None,45.01,None,22.33,None,36.68,None,10.67,None,None,None,24.99,None,31.32,None,9.00,None,6.00
1769447576.4340737,None,22.00,None,29.66,None,13.00,None,45.01,None,22.33,None,36.68,None,10.67,None,None,None,24.99,None,31.32,None,9.00,None,6.00
1769447576.4348226,None,22.00,None,29.66,None,13.00,None,45.01,None,22.33,None,36.68,None,10.67,None,None,None,24.99,None,31.32,None,9.00,None,6.00
1769447576.688562,None,22.00,None,29.66,None,13.00,None,45.01,None,22.33,None,36.68,None,10.67,None,None,None,24.99,None,31.32,None,9.00,None,6.00
1769447576.6898046,None,22.00,None,29.66,None,13.00,None,45.01,None,22.33,None,36.68,None,10.67,None,None,None,24.99,None,31.32,None,9.00,None,6.00
1769447576.9204845,None,22.00,None,29.66,None,13.00,None,45.01,None,22.33,None,36.68,None,10.67,None,None,None,24.99,None,31.32,None,9.00,None,6.00
1769447576.9213858,None,22.00,None,29.66,None,13.00,None,45.01,None,22.33,None,36.68,None,10.67,None,None,None,24.99,None,31.32,None,9.00,None,6.00
1769447577.1740623,None,22.00,None,29.66,None,13.00,None,45.01,None,22.33,None,36.68,None,10.67,None,None,None,24.99,None,31.32,None,9.00,None,6.00
1769447577.1748576,None,22.00,None,29.66,None,13.00,None,45.01,None,22.33,None,36.68,None,10.67,None,None,None,24.99,None,31.32,None,9.00,None,6.00
1769447577.4110594,None,22.00,None,29.66,None,13.00,None,45.01,None,22.33,None,36.68,None,10.67,None,None,None,24.99,None,31.32,None,9.00,None,6.00
1769447577.4118366,None,22.00,None,29.66,None,13.00,None,45.01,None,22.33,None,36.68,None,10.67,None,None,None,24.99,None,31.32,None,9.00,None,6.00
1769447578.552719,None,22.00,None,29.66,None,13.00,None,45.01,None,22.33,None,36.68,None,10.67,None,None,None,24.99,None,31.32,None,9.00,None,6.00
1769447578.5559866,None,22.00,None,29.66,None,13.00,None,45.01,None,22.33,None,36.68,None,10.67,None,None,None,24.99,None,31.32,None,9.00,None,6.00
1769447579.4778671,None,22.00,None,29.66,None,13.00,None,45.01,None,25.66,None,32.34,None,10.67,None,None,None,26.66,None,27.99,None,9.00,None,6.00
1769447579.4786046,None,22.00,None,29.66,None,13.00,None,45.01,None,25.66,None,32.34,None,10.67,None,None,None,26.66,None,27.99,None,9.00,None,6.00
1769447590.5173512,None,22.00,None,29.66,None,13.00,None,45.01,None,25.66,None,32.34,None,10.67,None,12.34,None,26.66,None,36.66,None,9.00,None,6.00
1769447590.5181258,None,22.00,None,29.66,None,13.00,None,45.01,None,25.66,None,32.34,None,10.67,None,12.34,None,26.66,None,36.66,None,9.00,None,6.00
1769447590.7514324,None,22.00,None,29.66,None,13.00,None,45.01,None,25.66,None,32.34,None,10.67,None,14.01,None,26.66,None,36.66,None,9.00,None,6.00
1769447590.7523696,None,22.00,None,29.66,None,13.00,None,45.01,None,25.66,None,32.34,None,10.67,None,14.01,None,26.66,None,36.66,None,9.00,None,6.00
1769447591.0019126,None,22.00,None,29.66,None,13.00,None,45.01,None,25.66,None,32.34,None,10.67,None,14.01,None,26.66,None,36.66,None,9.00,None,6.00
1769447591.0027673,None,22.00,None,29.66,None,13.00,None,45.01,None,25.66,None,32.34,None,10.67,None,14.01,None,26.66,None,36.66,None,9.00,None,6.00
1769447591.2649062,None,22.00,None,29.66,None,13.00,None,45.01,None,25.66,None,32.34,None,10.67,None,14.01,None,26.66,None,36.66,None,9.00,None,6.00
1769447591.265749,None,22.00,None,29.66,None,13.00,None,45.01,None,25.66,None,32.34,None,10.67,None,14.01,None,26.66,None,36.66,None,9.00,None,6.00
1769447591.5015254,None,22.00,None,29.66,None,13.00,None,46.68,None,25.66,None,32.34,None,10.67,None,14.01,None,26.66,None,40.66,None,9.00,None,6.00
1769447591.5023158,None,22.00,None,29.66,None,13.00,None,46.68,None,25.66,None,32.34,None,10.67,None,14.01,None,26.66,None,40.66,None,9.00,None,6.00
1769447591.7566707,None,22.00,None,29.66,None,13.00,None,46.68,None,25.66,None,32.34,None,10.67,None,14.01,None,26.66,None,40.66,None,9.00,None,6.00
1769447591.75765,None,22.00,None,29.66,None,13.00,None,46.68,None,25.66,None,32.34,None,10.67,None,14.01,None,26.66,None,40.66,None,9.00,None,6.00
1769447593.64527,None,4.33,None,None,None,8.67,None,40.68,None,25.66,None,29.00,None,1.67,None,5.01,None,27.00,None,36.33,None,10.67,None,4.33
1769447593.6459463,None,4.33,None,None,None,8.67,None,40.68,None,25.66,None,29.00,None,1.67,None,5.01,None,27.00,None,36.33,None,10.67,None,4.33
1769447593.8954778,None,4.33,None,None,None,13.00,None,40.68,None,25.66,None,29.00,None,1.67,None,5.01,None,27.00,None,39.66,None,10.67,None,4.33
1769447593.896202,None,4.33,None,None,None,13.00,None,40.68,None,25.66,None,29.00,None,1.67,None,5.01,None,27.00,None,39.66,None,10.67,None,4.33
1769447594.1457214,None,4.33,None,None,None,13.00,None,40.68,None,25.66,None,37.67,None,1.67,None,9.34,None,27.00,None,39.66,None,10.67,None,4.33
1769447594.146442,None,4.33,None,None,None,13.00,None,40.68,None,25.66,None,37.67,None,1.67,None,9.34,None,27.00,None,39.66,None,10.67,None,4.33
1769447594.3904235,None,6.00,None,None,None,13.00,None,40.68,None,25.66,None,37.67,None,1.67,None,12.67,None,35.67,None,39.66,None,10.67,None,4.33
1769447594.3911374,None,6.00,None,None,None,13.00,None,40.68,None,25.66,None,37.67,None,1.67,None,12.67,None,35.67,None,39.66,None,10.67,None,4.33
1769447594.6437652,None,6.00,None,None,None,13.00,None,48.34,None,25.66,None,37.67,None,1.67,None,12.67,None,35.67,None,41.33,None,10.67,None,13.00
1769447594.6446488,None,6.00,None,None,None,13.00,None,48.34,None,25.66,None,37.67,None,1.67,None,12.67,None,35.67,None,41.33,None,10.67,None,13.00
1769447594.8761902,None,1.67,None,None,None,13.00,None,39.34,None,12.33,None,28.67,None,0.00,None,11.00,None,39.00,None,39.66,None,10.67,None,13.00
1769447594.8768828,None,1.67,None,None,None,13.00,None,39.34,None,12.33,None,28.67,None,0.00,None,11.00,None,39.00,None,39.66,None,10.67,None,13.00
1769447595.1066196,None,1.67,None,None,None,13.00,None,39.34,None,21.00,None,28.67,None,0.00,None,11.00,None,39.00,None,39.66,None,10.67,None,13.00
1769447595.107302,None,1.67,None,None,None,13.00,None,39.34,None,21.00,None,28.67,None,0.00,None,11.00,None,39.00,None,39.66,None,10.67,None,13.00
1769447595.323418,None,1.67,None,None,None,13.00,None,48.01,None,21.00,None,28.67,None,4.33,None,11.00,None,39.00,None,39.66,None,10.67,None,13.00
1769447595.3241305,None,1.67,None,None,None,13.00,None,48.01,None,21.00,None,28.67,None,4.33,None,11.00,None,39.00,None,39.66,None,10.67,None,13.00
1769447595.565905,None,3.34,None,None,None,13.00,None,48.01,None,21.00,None,28.67,None,8.66,None,11.00,None,39.00,None,42.99,None,10.67,None,13.00
1769447595.5666633,None,3.34,None,None,None,13.00,None,48.01,None,21.00,None,28.67,None,8.66,None,11.00,None,39.00,None,42.99,None,10.67,None,13.00
1769447595.7406828,None,3.34,None,None,None,13.00,None,48.01,None,21.00,None,28.67,None,8.66,None,11.00,None,39.00,None,42.99,None,10.67,None,13.00
1769447595.741726,None,3.34,None,None,None,13.00,None,48.01,None,21.00,None,28.67,None,8.66,None,11.00,None,39.00,None,42.99,None,10.67,None,13.00
1769447596.9780374,None,3.34,None,None,None,13.00,None,48.01,None,21.00,None,28.67,None,8.66,None,11.00,None,39.00,None,42.99,None,10.67,None,13.00
1769447596.9789934,None,3.34,None,None,None,13.00,None,48.01,None,21.00,None,28.67,None,8.66,None,11.00,None,39.00,None,42.99,None,10.67,None,13.00
1769447597.2253726,None,1.67,None,None,None,8.67,None,48.01,None,21.00,None,32.00,None,4.33,None,11.00,None,43.00,None,47.00,None,10.67,None,13.00
1769447597.2262187,None,1.67,None,None,None,8.67,None,48.01,None,21.00,None,32.00,None,4.33,None,11.00,None,43.00,None,47.00,None,10.67,None,13.00
1769447604.8809838,None,0.00,None,None,None,0.00,None,48.01,None,21.00,None,34.00,None,4.33,None,9.34,None,25.66,None,35.00,None,0.00,None,13.00
1769447604.8816671,None,0.00,None,None,None,0.00,None,48.01,None,21.00,None,34.00,None,4.33,None,9.34,None,25.66,None,35.00,None,0.00,None,13.00
1769447609.9184403,None,8.67,None,None,None,0.00,None,48.01,None,16.33,None,35.67,None,13.33,None,12.67,None,25.66,None,31.67,None,0.00,None,13.00
1769447609.919127,None,8.67,None,None,None,0.00,None,48.01,None,16.33,None,35.67,None,13.33,None,12.67,None,25.66,None,31.67,None,0.00,None,13.00
1769447614.5385826,None,8.67,None,3.33,None,0.00,None,48.01,None,16.33,None,35.67,None,13.33,None,14.34,None,25.66,None,31.67,None,0.00,None,13.00
1769447614.5393288,None,8.67,None,3.33,None,0.00,None,48.01,None,16.33,None,35.67,None,13.33,None,14.34,None,25.66,None,31.67,None,0.00,None,13.00
1769447614.800461,None,8.67,None,7.66,None,0.00,None,48.01,None,16.33,None,35.67,None,13.33,None,14.34,None,28.99,None,31.67,None,0.00,None,13.00
1769447614.8013763,None,8.67,None,7.66,None,0.00,None,48.01,None,16.33,None,35.67,None,13.33,None,14.34,None,28.99,None,31.67,None,0.00,None,13.00
1769447615.0711257,None,17.34,None,10.99,None,0.00,None,52.34,None,25.33,None,37.34,None,13.33,None,14.34,None,28.99,None,31.67,None,0.00,None,13.00
1769447615.0718558,None,17.34,None,10.99,None,0.00,None,52.34,None,25.33,None,37.34,None,13.33,None,14.34,None,28.99,None,31.67,None,0.00,None,13.00
1769447615.3377998,None,17.34,None,10.99,None,0.00,None,52.34,None,25.33,None,37.34,None,13.33,None,23.01,None,28.99,None,40.67,None,1.67,None,13.00
1769447615.3385918,None,17.34,None,10.99,None,0.00,None,52.34,None,25.33,None,37.34,None,13.33,None,23.01,None,28.99,None,40.67,None,1.67,None,13.00
1769447615.6034665,None,17.34,None,10.99,None,0.00,None,52.34,None,22.00,None,34.01,None,13.33,None,23.01,None,23.32,None,38.67,None,6.00,None,8.67
1769447615.6042054,None,17.34,None,10.99,None,0.00,None,52.34,None,22.00,None,34.01,None,13.33,None,23.01,None,23.32,None,38.67,None,6.00,None,8.67
1769447615.8735557,None,21.67,None,10.99,None,0.00,None,52.34,None,22.00,None,37.34,None,13.33,None,23.01,None,24.99,None,38.67,None,6.00,None,8.67
1769447615.8744972,None,21.67,None,10.99,None,0.00,None,52.34,None,22.00,None,37.34,None,13.33,None,23.01,None,24.99,None,38.67,None,6.00,None,8.67
1769447616.1171436,None,21.67,None,14.32,None,0.00,None,52.34,None,26.33,None,37.34,None,13.33,None,23.01,None,33.99,None,38.67,None,6.00,None,8.67
1769447616.117906,None,21.67,None,14.32,None,0.00,None,52.34,None,26.33,None,37.34,None,13.33,None,23.01,None,33.99,None,38.67,None,6.00,None,8.67
1769447616.377861,None,21.67,None,14.32,None,0.00,None,52.34,None,26.33,None,39.01,None,13.33,None,23.01,None,33.99,None,47.34,None,6.00,None,8.67
1769447616.3786001,None,21.67,None,14.32,None,0.00,None,52.34,None,26.33,None,39.01,None,13.33,None,23.01,None,33.99,None,47.34,None,6.00,None,8.67
1769447616.6348004,None,26.00,None,14.32,None,0.00,None,52.34,None,26.33,None,39.01,None,13.33,None,23.01,None,37.99,None,47.34,None,6.00,None,8.67
1769447616.635558,None,26.00,None,14.32,None,0.00,None,52.34,None,26.33,None,39.01,None,13.33,None,23.01,None,37.99,None,47.34,None,6.00,None,8.67
1769447620.6131372,None,26.00,None,10.99,None,4.33,None,52.34,None,13.33,None,42.34,None,13.33,None,23.01,None,25.66,None,47.34,None,6.00,None,8.67
1769447620.6139023,None,26.00,None,10.99,None,4.33,None,52.34,None,13.33,None,42.34,None,13.33,None,23.01,None,25.66,None,47.34,None,6.00,None,8.67
1769447620.8237364,None,26.00,None,15.32,None,13.33,None,52.34,None,13.33,None,42.34,None,13.33,None,23.01,None,25.66,None,49.01,None,6.00,None,8.67
1769447620.824597,None,26.00,None,15.32,None,13.33,None,52.34,None,13.33,None,42.34,None,13.33,None,23.01,None,25.66,None,49.01,None,6.00,None,8.67
1769447630.6040688,None,26.00,None,15.32,None,13.33,None,52.34,None,22.00,None,29.34,None,13.33,None,21.34,None,25.66,None,40.34,None,6.00,None,8.67
1769447630.604927,None,26.00,None,15.32,None,13.33,None,52.34,None,22.00,None,29.34,None,13.33,None,21.34,None,25.66,None,40.34,None,6.00,None,8.67
1769447630.800333,None,26.00,None,15.32,None,13.33,None,52.34,None,22.00,None,29.34,None,13.33,None,21.34,None,25.66,None,40.34,None,6.00,None,8.67
1769447630.8011231,None,26.00,None,15.32,None,13.33,None,52.34,None,22.00,None,29.34,None,13.33,None,21.34,None,25.66,None,40.34,None,6.00,None,8.67
1769447636.944889,None,26.00,None,11.99,None,13.33,None,33.33,None,22.00,None,13.34,None,13.33,None,None,None,27.33,None,40.34,None,6.00,None,8.67
1769447636.9455872,None,26.00,None,11.99,None,13.33,None,33.33,None,22.00,None,13.34,None,13.33,None,None,None,27.33,None,40.34,None,6.00,None,8.67
1769447637.182831,None,26.00,None,11.99,None,13.33,None,38.33,None,22.00,None,17.34,None,13.33,None,None,None,27.33,None,40.34,None,6.00,None,8.67
1769447637.183727,None,26.00,None,11.99,None,13.33,None,38.33,None,22.00,None,17.34,None,13.33,None,None,None,27.33,None,40.34,None,6.00,None,8.67
1769447638.5589094,None,26.00,None,20.99,None,13.33,None,38.33,None,22.00,None,17.34,None,13.33,None,None,None,27.33,None,40.34,None,6.00,None,8.67
1769447638.5600731,None,26.00,None,20.99,None,13.33,None,38.33,None,22.00,None,17.34,None,13.33,None,None,None,27.33,None,40.34,None,6.00,None,8.67
1769447638.7845933,None,26.00,None,20.99,None,13.33,None,38.33,None,22.00,None,26.34,None,13.33,None,None,None,27.33,None,40.34,None,6.00,None,13.00
1769447638.7853343,None,26.00,None,20.99,None,13.33,None,38.33,None,22.00,None,26.34,None,13.33,None,None,None,27.33,None,40.34,None,6.00,None,13.00
1769447639.0425317,None,26.00,None,20.99,None,13.33,None,47.33,None,26.33,None,26.34,None,13.33,None,None,None,27.33,None,43.67,None,6.00,None,13.00
1769447639.0432968,None,26.00,None,20.99,None,13.33,None,47.33,None,26.33,None,26.34,None,13.33,None,None,None,27.33,None,43.67,None,6.00,None,13.00
1769447639.2627668,None,26.00,None,20.99,None,13.33,None,50.66,None,26.33,None,26.34,None,13.33,None,None,None,36.00,None,43.67,None,7.67,None,13.00
1769447639.2635443,None,26.00,None,20.99,None,13.33,None,50.66,None,26.33,None,26.34,None,13.33,None,None,None,36.00,None,43.67,None,7.67,None,13.00
1769447639.5118513,None,26.00,None,20.99,None,13.33,None,50.66,None,26.33,None,26.34,None,13.33,None,None,None,36.00,None,43.67,None,7.67,None,13.00
1769447639.5126252,None,26.00,None,20.99,None,13.33,None,50.66,None,26.33,None,26.34,None,13.33,None,None,None,36.00,None,43.67,None,7.67,None,13.00
1769447639.7236772,None,26.00,None,20.99,None,13.33,None,50.66,None,26.33,None,26.34,None,13.33,None,None,None,36.00,None,43.67,None,7.67,None,13.00
1769447639.7245855,None,26.00,None,20.99,None,13.33,None,50.66,None,26.33,None,26.34,None,13.33,None,None,None,36.00,None,43.67,None,7.67,None,13.00
1769447639.9373262,None,26.00,None,20.99,None,13.33,None,50.66,None,26.33,None,26.34,None,13.33,None,None,None,36.00,None,43.67,None,7.67,None,13.00
1769447639.9382143,None,26.00,None,20.99,None,13.33,None,50.66,None,26.33,None,26.34,None,13.33,None,None,None,36.00,None,43.67,None,7.67,None,13.00
1769447640.1725256,None,26.00,None,20.99,None,13.33,None,50.66,None,26.33,None,26.34,None,13.33,None,None,None,36.00,None,43.67,None,7.67,None,13.00
1769447640.1733952,None,26.00,None,20.99,None,13.33,None,50.66,None,26.33,None,26.34,None,13.33,None,None,None,36.00,None,43.67,None,7.67,None,13.00
1769447640.439544,None,26.00,None,20.99,None,13.33,None,50.66,None,26.33,None,26.34,None,13.33,None,None,None,36.00,None,43.67,None,7.67,None,13.00
1769447640.4403446,None,26.00,None,20.99,None,13.33,None,50.66,None,26.33,None,26.34,None,13.33,None,None,None,36.00,None,43.67,None,7.67,None,13.00
1769447640.6761048,None,26.00,None,20.99,None,13.33,None,50.66,None,26.33,None,26.34,None,13.33,None,None,None,36.00,None,43.67,None,7.67,None,13.00
1769447640.6768744,None,26.00,None,20.99,None,13.33,None,50.66,None,26.33,None,26.34,None,13.33,None,None,None,36.00,None,43.67,None,7.67,None,13.00
1769447655.9272206,None,21.67,None,16.66,None,0.00,None,41.99,None,17.66,None,19.68,None,10.67,None,None,None,34.33,None,42.00,None,7.67,None,13.00
1769447655.9279032,None,21.67,None,16.66,None,0.00,None,41.99,None,17.66,None,19.68,None,10.67,None,None,None,34.33,None,42.00,None,7.67,None,13.00
1769447657.6343334,None,21.67,None,16.66,None,0.00,None,50.66,None,17.66,None,19.68,None,10.67,None,13.67,None,43.33,None,42.00,None,7.67,None,13.00
1769447657.635027,None,21.67,None,16.66,None,0.00,None,50.66,None,17.66,None,19.68,None,10.67,None,13.67,None,43.33,None,42.00,None,7.67,None,13.00
1769447657.8752298,None,21.67,None,16.66,None,3.33,None,50.66,None,17.66,None,19.68,None,10.67,None,13.67,None,52.33,None,50.67,None,7.67,None,13.00
1769447657.8759422,None,21.67,None,16.66,None,3.33,None,50.66,None,17.66,None,19.68,None,10.67,None,13.67,None,52.33,None,50.67,None,7.67,None,13.00
1769447658.1167073,None,26.00,None,16.66,None,6.66,None,50.66,None,17.66,None,19.68,None,12.34,None,13.67,None,52.33,None,50.67,None,7.67,None,13.00
1769447658.1175847,None,26.00,None,16.66,None,6.66,None,50.66,None,17.66,None,19.68,None,12.34,None,13.67,None,52.33,None,50.67,None,7.67,None,13.00
1769447658.3745646,None,26.00,None,16.66,None,6.66,None,50.66,None,20.99,None,19.68,None,12.34,None,13.67,None,52.33,None,55.00,None,7.67,None,13.00
1769447658.3752897,None,26.00,None,16.66,None,6.66,None,50.66,None,20.99,None,19.68,None,12.34,None,13.67,None,52.33,None,55.00,None,7.67,None,13.00
1769447658.6214871,None,26.00,None,16.66,None,10.99,None,50.66,None,20.99,None,23.01,None,12.34,None,13.67,None,52.33,None,55.00,None,9.34,None,13.00
1769447658.6222382,None,26.00,None,16.66,None,10.99,None,50.66,None,20.99,None,23.01,None,12.34,None,13.67,None,52.33,None,55.00,None,9.34,None,13.00
1769447658.8859212,None,26.00,None,16.66,None,10.99,None,50.66,None,20.99,None,23.01,None,12.34,None,13.67,None,52.33,None,55.00,None,9.34,None,13.00
1769447658.8867536,None,26.00,None,16.66,None,10.99,None,50.66,None,20.99,None,23.01,None,12.34,None,13.67,None,52.33,None,55.00,None,9.34,None,13.00
1769447659.1174016,None,17.33,None,13.33,None,10.99,None,37.33,None,None,None,18.00,None,3.34,None,8.67,None,49.00,None,51.67,None,9.34,None,13.00
1769447659.118091,None,17.33,None,13.33,None,10.99,None,37.33,None,None,None,18.00,None,3.34,None,8.67,None,49.00,None,51.67,None,9.34,None,13.00
1769447660.4660842,None,17.33,None,13.33,None,10.99,None,46.00,None,None,None,18.00,None,3.34,None,8.67,None,49.00,None,51.67,None,11.01,None,13.00
1769447660.4670274,None,17.33,None,13.33,None,10.99,None,46.00,None,None,None,18.00,None,3.34,None,8.67,None,49.00,None,51.67,None,11.01,None,13.00
1769447660.697983,None,26.00,None,13.33,None,10.99,None,46.00,None,None,None,18.00,None,3.34,None,8.67,None,49.00,None,51.67,None,11.01,None,13.00
1769447660.6987307,None,26.00,None,13.33,None,10.99,None,46.00,None,None,None,18.00,None,3.34,None,8.67,None,49.00,None,51.67,None,11.01,None,13.00
1769447660.930732,None,26.00,None,13.33,None,10.99,None,46.00,None,None,None,18.00,None,3.34,None,8.67,None,52.33,None,51.67,None,11.01,None,13.00
1769447660.9314518,None,26.00,None,13.33,None,10.99,None,46.00,None,None,None,18.00,None,3.34,None,8.67,None,52.33,None,51.67,None,11.01,None,13.00
1769447661.1204977,None,26.00,None,13.33,None,10.99,None,46.00,None,None,None,18.00,None,3.34,None,8.67,None,52.33,None,51.67,None,11.01,None,13.00
1769447661.1212182,None,26.00,None,13.33,None,10.99,None,46.00,None,None,None,18.00,None,3.34,None,8.67,None,52.33,None,51.67,None,11.01,None,13.00
1769447661.3730974,None,26.00,None,17.66,None,10.99,None,46.00,None,None,None,18.00,None,3.34,None,8.67,None,52.33,None,51.67,None,11.01,None,13.00
1769447661.373844,None,26.00,None,17.66,None,10.99,None,46.00,None,None,None,18.00,None,3.34,None,8.67,None,52.33,None,51.67,None,11.01,None,13.00
1769447666.6124835,None,27.67,None,8.66,None,10.99,None,46.00,None,None,None,18.00,None,3.34,None,8.67,None,52.33,None,51.67,None,11.01,None,13.00
1769447666.613237,None,27.67,None,8.66,None,10.99,None,46.00,None,None,None,18.00,None,3.34,None,8.67,None,52.33,None,51.67,None,11.01,None,13.00
1769447676.6378415,None,27.67,None,12.99,None,10.99,None,29.67,None,None,None,21.33,None,3.34,None,8.67,None,49.00,None,46.67,None,6.68,None,4.33
1769447676.6387417,None,27.67,None,12.99,None,10.99,None,29.67,None,None,None,21.33,None,3.34,None,8.67,None,49.00,None,46.67,None,6.68,None,4.33
1769447676.8858333,None,27.67,None,12.99,None,10.99,None,29.67,None,None,None,21.33,None,12.01,None,17.67,None,49.00,None,46.67,None,6.68,None,8.66
1769447676.886528,None,27.67,None,12.99,None,10.99,None,29.67,None,None,None,21.33,None,12.01,None,17.67,None,49.00,None,46.67,None,6.68,None,8.66
1769447677.0855746,None,27.67,None,12.99,None,10.99,None,29.67,None,None,None,21.33,None,12.01,None,17.67,None,49.00,None,46.67,None,6.68,None,8.66
1769447677.0863402,None,27.67,None,12.99,None,10.99,None,29.67,None,None,None,21.33,None,12.01,None,17.67,None,49.00,None,46.67,None,6.68,None,8.66
1769447677.3232183,None,27.67,None,12.99,None,10.99,None,38.67,None,None,None,21.33,None,12.01,None,17.67,None,52.33,None,46.67,None,6.68,None,8.66
1769447677.3239832,None,27.67,None,12.99,None,10.99,None,38.67,None,None,None,21.33,None,12.01,None,17.67,None,52.33,None,46.67,None,6.68,None,8.66
1769447677.5649261,None,None,None,13.00,None,4.33,None,26.00,None,None,None,20.66,None,10.34,None,21.00,None,31.00,None,13.33,None,5.01,None,8.66
1769447677.5655942,None,None,None,13.00,None,4.33,None,26.00,None,None,None,20.66,None,10.34,None,21.00,None,31.00,None,13.33,None,5.01,None,8.66
1769447677.8076077,None,None,None,13.00,None,6.00,None,30.33,None,None,None,20.66,None,10.34,None,21.00,None,31.00,None,13.33,None,8.34,None,8.66
1769447677.808404,None,None,None,13.00,None,6.00,None,30.33,None,None,None,20.66,None,10.34,None,21.00,None,31.00,None,13.33,None,8.34,None,8.66
1769447678.0410724,None,None,None,13.00,None,6.00,None,34.33,None,None,None,20.66,None,10.34,None,21.00,None,31.00,None,13.33,None,8.34,None,8.66
1769447678.041741,None,None,None,13.00,None,6.00,None,34.33,None,None,None,20.66,None,10.34,None,21.00,None,31.00,None,13.33,None,8.34,None,8.66
1769447678.2865906,None,None,None,13.00,None,6.00,None,34.33,None,None,None,20.66,None,10.34,None,21.00,None,31.00,None,13.33,None,8.34,None,8.66
1769447678.2872767,None,None,None,13.00,None,6.00,None,34.33,None,None,None,20.66,None,10.34,None,21.00,None,31.00,None,13.33,None,8.34,None,8.66
1769447678.5322587,None,None,None,13.00,None,7.67,None,43.00,None,None,None,20.66,None,10.34,None,21.00,None,31.00,None,17.33,None,8.34,None,8.66
1769447678.5329945,None,None,None,13.00,None,7.67,None,43.00,None,None,None,20.66,None,10.34,None,21.00,None,31.00,None,17.33,None,8.34,None,8.66
1769447678.775043,None,None,None,13.00,None,7.67,None,43.00,None,None,None,20.66,None,12.01,None,21.00,None,31.00,None,17.33,None,8.34,None,8.66
1769447678.775689,None,None,None,13.00,None,7.67,None,43.00,None,None,None,20.66,None,12.01,None,21.00,None,31.00,None,17.33,None,8.34,None,8.66
1769447679.0185843,None,None,None,13.00,None,7.67,None,43.00,None,None,None,29.33,None,12.01,None,22.67,None,31.00,None,17.33,None,8.34,None,8.66
1769447679.0194457,None,None,None,13.00,None,7.67,None,43.00,None,None,None,29.33,None,12.01,None,22.67,None,31.00,None,17.33,None,8.34,None,8.66
1769447679.2537553,None,None,None,13.00,None,12.00,None,44.67,None,None,None,29.33,None,12.01,None,26.00,None,40.00,None,17.33,None,8.34,None,8.66
1769447679.254465,None,None,None,13.00,None,12.00,None,44.67,None,None,None,29.33,None,12.01,None,26.00,None,40.00,None,17.33,None,8.34,None,8.66
1769447679.4773793,None,None,None,13.00,None,12.00,None,44.67,None,None,None,29.33,None,12.01,None,26.00,None,40.00,None,17.33,None,13.34,None,8.66
1769447679.4781291,None,None,None,13.00,None,12.00,None,44.67,None,None,None,29.33,None,12.01,None,26.00,None,40.00,None,17.33,None,13.34,None,8.66
1769447679.73281,None,None,None,13.00,None,12.00,None,44.67,None,None,None,29.33,None,12.01,None,26.00,None,40.00,None,17.33,None,13.34,None,8.66
1769447679.733646,None,None,None,13.00,None,12.00,None,44.67,None,None,None,29.33,None,12.01,None,26.00,None,40.00,None,17.33,None,13.34,None,8.66
1769447680.0045197,None,None,None,4.33,None,12.00,None,35.67,None,1.67,None,25.00,None,12.01,None,22.67,None,35.00,None,17.33,None,13.34,None,8.66
1769447680.005242,None,None,None,4.33,None,12.00,None,35.67,None,1.67,None,25.00,None,12.01,None,22.67,None,35.00,None,17.33,None,13.34,None,8.66
1769447681.414258,None,None,None,4.33,None,12.00,None,35.67,None,1.67,None,34.00,None,12.01,None,22.67,None,35.00,None,17.33,None,13.34,None,8.66
1769447681.415328,None,None,None,4.33,None,12.00,None,35.67,None,1.67,None,34.00,None,12.01,None,22.67,None,35.00,None,17.33,None,13.34,None,8.66
1769447681.6841285,None,None,None,0.00,None,12.00,None,44.34,None,1.67,None,39.00,None,10.34,None,22.67,None,35.00,None,17.33,None,13.34,None,12.99
1769447681.6848512,None,None,None,0.00,None,12.00,None,44.34,None,1.67,None,39.00,None,10.34,None,22.67,None,35.00,None,17.33,None,13.34,None,12.99
1769447681.950566,None,None,None,0.00,None,12.00,None,44.34,None,1.67,None,39.00,None,10.34,None,22.67,None,44.00,None,20.66,None,13.34,None,12.99
1769447681.9512925,None,None,None,0.00,None,12.00,None,44.34,None,1.67,None,39.00,None,10.34,None,22.67,None,44.00,None,20.66,None,13.34,None,12.99
1769447682.196729,None,None,None,0.00,None,12.00,None,48.67,None,10.67,None,47.67,None,10.34,None,22.67,None,44.00,None,20.66,None,13.34,None,12.99
1769447682.1974812,None,None,None,0.00,None,12.00,None,48.67,None,10.67,None,47.67,None,10.34,None,22.67,None,44.00,None,20.66,None,13.34,None,12.99
1769447682.4175253,None,None,None,0.00,None,12.00,None,48.67,None,10.67,None,47.67,None,10.34,None,22.67,None,44.00,None,20.66,None,13.34,None,12.99
1769447682.4184506,None,None,None,0.00,None,12.00,None,48.67,None,10.67,None,47.67,None,10.34,None,22.67,None,44.00,None,20.66,None,13.34,None,12.99
1769447691.6707344,None,None,None,0.00,None,12.00,None,31.67,None,10.67,None,21.00,None,10.34,None,21.00,None,31.00,None,20.66,None,11.67,None,4.33
1769447691.671412,None,None,None,0.00,None,12.00,None,31.67,None,10.67,None,21.00,None,10.34,None,21.00,None,31.00,None,20.66,None,11.67,None,4.33
1769447691.9308183,None,None,None,0.00,None,12.00,None,36.67,None,10.67,None,21.00,None,10.34,None,21.00,None,40.00,None,24.99,None,11.67,None,4.33
1769447691.9317665,None,None,None,0.00,None,12.00,None,36.67,None,10.67,None,21.00,None,10.34,None,21.00,None,40.00,None,24.99,None,11.67,None,4.33
1769447692.1916788,None,None,None,0.00,None,12.00,None,40.00,None,12.34,None,21.00,None,10.34,None,21.00,None,40.00,None,33.99,None,11.67,None,4.33
1769447692.1924028,None,None,None,0.00,None,12.00,None,40.00,None,12.34,None,21.00,None,10.34,None,21.00,None,40.00,None,33.99,None,11.67,None,4.33
1769447692.4516752,None,None,None,0.00,None,7.66,None,18.67,None,10.67,None,26.67,None,10.34,None,None,None,13.00,None,4.33,None,5.00,None,4.33
1769447692.4523032,None,None,None,0.00,None,7.66,None,18.67,None,10.67,None,26.67,None,10.34,None,None,None,13.00,None,4.33,None,5.00,None,4.33
1769447692.683396,None,None,None,0.00,None,9.33,None,18.67,None,10.67,None,30.00,None,10.34,None,None,None,13.00,None,4.33,None,5.00,None,4.33
1769447692.6840303,None,None,None,0.00,None,9.33,None,18.67,None,10.67,None,30.00,None,10.34,None,None,None,13.00,None,4.33,None,5.00,None,4.33
1769447692.9418237,None,None,None,0.00,None,9.33,None,18.67,None,10.67,None,30.00,None,10.34,None,None,None,14.67,None,4.33,None,5.00,None,4.33
1769447692.9425988,None,None,None,0.00,None,9.33,None,18.67,None,10.67,None,30.00,None,10.34,None,None,None,14.67,None,4.33,None,5.00,None,4.33
1769447693.190512,None,None,None,0.00,None,9.33,None,22.00,None,10.67,None,38.67,None,12.01,None,None,None,14.67,None,4.33,None,5.00,None,4.33
1769447693.1912172,None,None,None,0.00,None,9.33,None,22.00,None,10.67,None,38.67,None,12.01,None,None,None,14.67,None,4.33,None,5.00,None,4.33
1769447693.4483812,None,None,None,0.00,None,9.33,None,23.67,None,10.67,None,38.67,None,12.01,None,None,None,14.67,None,4.33,None,5.00,None,4.33
1769447693.4490695,None,None,None,0.00,None,9.33,None,23.67,None,10.67,None,38.67,None,12.01,None,None,None,14.67,None,4.33,None,5.00,None,4.33
1769447693.6966968,None,None,None,0.00,None,9.33,None,23.67,None,10.67,None,40.34,None,3.34,None,None,None,14.67,None,17.33,None,5.00,None,0.00
1769447693.697369,None,None,None,0.00,None,9.33,None,23.67,None,10.67,None,40.34,None,3.34,None,None,None,14.67,None,17.33,None,5.00,None,0.00
1769447693.921882,None,None,None,0.00,None,9.33,None,23.67,None,19.34,None,40.34,None,3.34,None,None,None,14.67,None,17.33,None,6.67,None,0.00
1769447693.9225645,None,None,None,0.00,None,9.33,None,23.67,None,19.34,None,40.34,None,3.34,None,None,None,14.67,None,17.33,None,6.67,None,0.00
1769447694.155458,None,None,None,0.00,None,9.33,None,23.67,None,19.34,None,40.34,None,3.34,None,None,None,14.67,None,24.66,None,6.67,None,8.67
1769447694.156373,None,None,None,0.00,None,9.33,None,23.67,None,19.34,None,40.34,None,3.34,None,None,None,14.67,None,24.66,None,6.67,None,8.67
1769447696.6660774,None,None,None,0.00,None,7.66,None,23.67,None,19.34,None,38.67,None,3.34,None,None,None,14.67,None,11.66,None,6.67,None,13.00
1769447696.6667964,None,None,None,0.00,None,7.66,None,23.67,None,19.34,None,38.67,None,3.34,None,None,None,14.67,None,11.66,None,6.67,None,13.00
1769447701.6901898,None,4.33,None,0.00,None,4.33,None,20.33,None,19.34,None,29.67,None,3.34,None,None,None,16.34,None,11.66,None,6.67,None,13.00
1769447701.6908545,None,4.33,None,0.00,None,4.33,None,20.33,None,19.34,None,29.67,None,3.34,None,None,None,16.34,None,11.66,None,6.67,None,13.00
1769447709.6591816,None,4.33,None,0.00,None,9.33,None,20.33,None,19.34,None,29.67,None,3.34,None,None,None,16.34,None,11.66,None,11.00,None,13.00
1769447709.659949,None,4.33,None,0.00,None,9.33,None,20.33,None,19.34,None,29.67,None,3.34,None,None,None,16.34,None,11.66,None,11.00,None,13.00
1769447709.9082038,None,4.33,None,4.33,None,12.66,None,29.00,None,19.34,None,31.34,None,3.34,None,None,None,16.34,None,11.66,None,11.00,None,13.00
1769447709.9088807,None,4.33,None,4.33,None,12.66,None,29.00,None,19.34,None,31.34,None,3.34,None,None,None,16.34,None,11.66,None,11.00,None,13.00
1769447710.1511362,None,8.66,None,4.33,None,12.66,None,29.00,None,19.34,None,31.34,None,3.34,None,None,None,16.34,None,20.66,None,11.00,None,13.00
1769447710.1518211,None,8.66,None,4.33,None,12.66,None,29.00,None,19.34,None,31.34,None,3.34,None,None,None,16.34,None,20.66,None,11.00,None,13.00
1769447711.652159,None,8.66,None,4.33,None,12.66,None,34.00,None,19.34,None,35.34,None,3.34,None,None,None,16.34,None,20.66,None,11.00,None,13.00
1769447711.6529768,None,8.66,None,4.33,None,12.66,None,34.00,None,19.34,None,35.34,None,3.34,None,None,None,16.34,None,20.66,None,11.00,None,13.00
1769447711.9119213,None,None,None,0.00,None,9.33,None,28.66,None,19.34,None,33.67,None,12.34,None,None,None,12.34,None,11.66,None,12.67,None,13.00
1769447711.9126008,None,None,None,0.00,None,9.33,None,28.66,None,19.34,None,33.67,None,12.34,None,None,None,12.34,None,11.66,None,12.67,None,13.00
1769447712.098812,None,None,None,0.00,None,9.33,None,28.66,None,19.34,None,33.67,None,12.34,None,None,None,12.34,None,11.66,None,12.67,None,13.00
1769447712.0995574,None,None,None,0.00,None,9.33,None,28.66,None,19.34,None,33.67,None,12.34,None,None,None,12.34,None,11.66,None,12.67,None,13.00
1769447712.3507607,None,None,None,9.00,None,9.33,None,28.66,None,19.34,None,33.67,None,12.34,None,None,None,25.01,None,13.33,None,12.67,None,13.00
1769447712.3538604,None,None,None,9.00,None,9.33,None,28.66,None,19.34,None,33.67,None,12.34,None,None,None,25.01,None,13.33,None,12.67,None,13.00
1769447712.5816593,None,None,None,9.00,None,9.33,None,28.66,None,19.34,None,33.67,None,12.34,None,None,None,25.01,None,22.00,None,12.67,None,13.00
1769447712.5823586,None,None,None,9.00,None,9.33,None,28.66,None,19.34,None,33.67,None,12.34,None,None,None,25.01,None,22.00,None,12.67,None,13.00
1769447712.8320692,None,None,None,13.33,None,9.33,None,28.66,None,19.34,None,33.67,None,12.34,None,None,None,25.01,None,22.00,None,12.67,None,13.00
1769447712.8329477,None,None,None,13.33,None,9.33,None,28.66,None,19.34,None,33.67,None,12.34,None,None,None,25.01,None,22.00,None,12.67,None,13.00
1769447722.8551326,None,None,None,None,None,5.00,None,8.33,None,15.34,None,16.00,None,3.34,None,0.00,None,14.34,None,1.67,None,11.00,None,4.33
1769447722.8559232,None,None,None,None,None,5.00,None,8.33,None,15.34,None,16.00,None,3.34,None,0.00,None,14.34,None,1.67,None,11.00,None,4.33
1769447723.1075227,None,None,None,None,None,5.00,None,8.33,None,15.34,None,16.00,None,12.34,None,8.67,None,14.34,None,1.67,None,11.00,None,4.33
1769447723.1081772,None,None,None,None,None,5.00,None,8.33,None,15.34,None,16.00,None,12.34,None,8.67,None,14.34,None,1.67,None,11.00,None,4.33
1769447723.3641346,None,None,None,None,None,5.00,None,12.33,None,15.34,None,16.00,None,12.34,None,8.67,None,17.67,None,1.67,None,11.00,None,4.33
1769447723.364773,None,None,None,None,None,5.00,None,12.33,None,15.34,None,16.00,None,12.34,None,8.67,None,17.67,None,1.67,None,11.00,None,4.33
1769447723.5910454,None,None,None,None,None,5.00,None,12.33,None,15.34,None,16.00,None,12.34,None,8.67,None,17.67,None,1.67,None,11.00,None,7.66
1769447723.5916598,None,None,None,None,None,5.00,None,12.33,None,15.34,None,16.00,None,12.34,None,8.67,None,17.67,None,1.67,None,11.00,None,7.66
1769447723.8484755,None,None,None,None,None,6.67,None,16.66,None,15.34,None,16.00,None,12.34,None,8.67,None,17.67,None,1.67,None,11.00,None,7.66
1769447723.8491123,None,None,None,None,None,6.67,None,16.66,None,15.34,None,16.00,None,12.34,None,8.67,None,17.67,None,1.67,None,11.00,None,7.66
1769447724.0445213,None,None,None,None,None,6.67,None,16.66,None,15.34,None,16.00,None,12.34,None,8.67,None,17.67,None,1.67,None,11.00,None,7.66
1769447724.0454385,None,None,None,None,None,6.67,None,16.66,None,15.34,None,16.00,None,12.34,None,8.67,None,17.67,None,1.67,None,11.00,None,7.66
1769447724.2822258,None,None,None,None,None,6.67,None,25.33,None,15.34,None,20.33,None,12.34,None,8.67,None,17.67,None,10.67,None,11.00,None,7.66
1769447724.2829177,None,None,None,None,None,6.67,None,25.33,None,15.34,None,20.33,None,12.34,None,8.67,None,17.67,None,10.67,None,11.00,None,7.66
1769447724.5447583,None,None,None,None,None,6.67,None,25.33,None,15.34,None,20.33,None,12.34,None,8.67,None,17.67,None,19.67,None,11.00,None,7.66
1769447724.5454566,None,None,None,None,None,6.67,None,25.33,None,15.34,None,20.33,None,12.34,None,8.67,None,17.67,None,19.67,None,11.00,None,7.66
1769447724.793929,None,None,None,None,None,11.00,None,25.33,None,18.67,None,20.33,None,12.34,None,8.67,None,17.67,None,23.67,None,12.67,None,7.66
1769447724.794649,None,None,None,None,None,11.00,None,25.33,None,18.67,None,20.33,None,12.34,None,8.67,None,17.67,None,23.67,None,12.67,None,7.66
1769447724.9955888,None,None,None,None,None,11.00,None,16.33,None,None,None,16.33,None,12.34,None,8.67,None,1.67,None,13.00,None,12.67,None,4.33
1769447724.99625,None,None,None,None,None,11.00,None,16.33,None,None,None,16.33,None,12.34,None,8.67,None,1.67,None,13.00,None,12.67,None,4.33
1769447725.2515664,None,None,None,None,None,11.00,None,25.33,None,None,None,16.33,None,12.34,None,13.00,None,5.67,None,16.33,None,12.67,None,4.33
1769447725.254493,None,None,None,None,None,11.00,None,25.33,None,None,None,16.33,None,12.34,None,13.00,None,5.67,None,16.33,None,12.67,None,4.33
1769447725.5008194,None,None,None,None,None,11.00,None,25.33,None,None,None,16.33,None,12.34,None,14.67,None,5.67,None,16.33,None,12.67,None,4.33
1769447725.5014527,None,None,None,None,None,11.00,None,25.33,None,None,None,16.33,None,12.34,None,14.67,None,5.67,None,16.33,None,12.67,None,4.33
1769447725.699146,None,None,None,None,None,11.00,None,25.33,None,None,None,16.33,None,12.34,None,14.67,None,5.67,None,16.33,None,12.67,None,4.33
1769447725.6998034,None,None,None,None,None,11.00,None,25.33,None,None,None,16.33,None,12.34,None,14.67,None,5.67,None,16.33,None,12.67,None,4.33
1769447725.8957732,None,None,None,None,None,11.00,None,25.33,None,None,None,16.33,None,12.34,None,14.67,None,5.67,None,16.33,None,12.67,None,4.33
1769447725.8964489,None,None,None,None,None,11.00,None,25.33,None,None,None,16.33,None,12.34,None,14.67,None,5.67,None,16.33,None,12.67,None,4.33
1769447726.1504416,None,None,None,None,None,9.33,None,21.00,None,None,None,16.33,None,6.67,None,None,None,6.00,None,13.00,None,12.67,None,4.33
1769447726.1510103,None,None,None,None,None,9.33,None,21.00,None,None,None,16.33,None,6.67,None,None,None,6.00,None,13.00,None,12.67,None,4.33
1769447726.4000802,None,None,None,None,None,9.33,None,21.00,None,None,None,16.33,None,6.67,None,None,None,10.00,None,21.67,None,12.67,None,6.00
1769447726.4007783,None,None,None,None,None,9.33,None,21.00,None,None,None,16.33,None,6.67,None,None,None,10.00,None,21.67,None,12.67,None,6.00
1769447728.0368931,None,None,None,None,None,9.33,None,21.00,None,None,None,16.33,None,6.67,None,None,None,10.00,None,21.67,None,12.67,None,6.00
1769447728.0377464,None,None,None,None,None,9.33,None,21.00,None,None,None,16.33,None,6.67,None,None,None,10.00,None,21.67,None,12.67,None,6.00
1769447728.2814445,None,None,None,None,None,9.33,None,25.00,None,None,None,29.33,None,6.67,None,None,None,10.00,None,21.67,None,12.67,None,6.00
1769447728.282067,None,None,None,None,None,9.33,None,25.00,None,None,None,29.33,None,6.67,None,None,None,10.00,None,21.67,None,12.67,None,6.00
1769447728.514597,None,None,None,None,None,11.00,None,25.00,None,None,None,29.33,None,6.67,None,None,None,10.00,None,21.67,None,12.67,None,9.33
1769447728.5152404,None,None,None,None,None,11.00,None,25.00,None,None,None,29.33,None,6.67,None,None,None,10.00,None,21.67,None,12.67,None,9.33
1769447728.719201,None,None,None,None,None,11.00,None,25.00,None,None,None,29.33,None,6.67,None,None,None,10.00,None,21.67,None,12.67,None,9.33
1769447728.719812,None,None,None,None,None,11.00,None,25.00,None,None,None,29.33,None,6.67,None,None,None,10.00,None,21.67,None,12.67,None,9.33
1769447728.9258363,None,None,None,None,None,11.00,None,26.67,None,None,None,33.33,None,6.67,None,None,None,10.00,None,21.67,None,12.67,None,12.66
1769447728.92645,None,None,None,None,None,11.00,None,26.67,None,None,None,33.33,None,6.67,None,None,None,10.00,None,21.67,None,12.67,None,12.66
1769447731.6213865,None,None,None,None,None,11.00,None,26.67,None,None,None,33.33,None,6.67,None,None,None,10.00,None,21.67,None,12.67,None,12.66
1769447731.6222122,None,None,None,None,None,11.00,None,26.67,None,None,None,33.33,None,6.67,None,None,None,10.00,None,21.67,None,12.67,None,12.66
1769447731.806404,None,None,None,None,None,11.00,None,26.67,None,None,None,33.33,None,6.67,None,None,None,10.00,None,21.67,None,12.67,None,12.66
1769447731.8070533,None,None,None,None,None,11.00,None,26.67,None,None,None,33.33,None,6.67,None,None,None,10.00,None,21.67,None,12.67,None,12.66
1769447732.0121925,None,None,None,None,None,11.00,None,26.67,None,None,None,33.33,None,6.67,None,None,None,10.00,None,21.67,None,12.67,None,12.66
1769447732.0128267,None,None,None,None,None,11.00,None,26.67,None,None,None,33.33,None,6.67,None,None,None,10.00,None,21.67,None,12.67,None,12.66
1769447732.1890664,None,None,None,None,None,11.00,None,26.67,None,None,None,33.33,None,6.67,None,None,None,10.00,None,21.67,None,12.67,None,12.66
1769447732.189708,None,None,None,None,None,11.00,None,26.67,None,None,None,33.33,None,6.67,None,None,None,10.00,None,21.67,None,12.67,None,12.66
1769447732.3237276,None,None,None,None,None,11.00,None,26.67,None,None,None,33.33,None,6.67,None,None,None,10.00,None,21.67,None,12.67,None,12.66
1769447732.3245308,None,None,None,None,None,11.00,None,26.67,None,None,None,33.33,None,6.67,None,None,None,10.00,None,21.67,None,12.67,None,12.66
1769447732.4761546,None,None,None,None,None,11.00,None,26.67,None,None,None,33.33,None,6.67,None,None,None,10.00,None,21.67,None,12.67,None,12.66
1769447732.4768815,None,None,None,None,None,11.00,None,26.67,None,None,None,33.33,None,6.67,None,None,None,10.00,None,21.67,None,12.67,None,12.66
1769447756.6955354,None,3.33,None,0.00,None,11.00,None,26.67,None,12.00,None,30.00,None,8.34,None,8.67,None,10.00,None,21.67,None,12.67,None,8.33
1769447756.6961653,None,3.33,None,0.00,None,11.00,None,26.67,None,12.00,None,30.00,None,8.34,None,8.67,None,10.00,None,21.67,None,12.67,None,8.33
1769447756.9544725,None,3.33,None,0.00,None,11.00,None,26.67,None,12.00,None,30.00,None,8.34,None,8.67,None,10.00,None,21.67,None,12.67,None,8.33
1769447756.9551425,None,3.33,None,0.00,None,11.00,None,26.67,None,12.00,None,30.00,None,8.34,None,8.67,None,10.00,None,21.67,None,12.67,None,8.33
1769447757.228768,None,3.33,None,9.00,None,11.00,None,26.67,None,16.33,None,30.00,None,8.34,None,8.67,None,18.67,None,21.67,None,12.67,None,8.33
1769447757.2294104,None,3.33,None,9.00,None,11.00,None,26.67,None,16.33,None,30.00,None,8.34,None,8.67,None,18.67,None,21.67,None,12.67,None,8.33
1769447757.499673,None,8.33,None,17.67,None,11.00,None,26.67,None,16.33,None,30.00,None,8.34,None,8.67,None,27.67,None,21.67,None,12.67,None,8.33
1769447757.5005596,None,8.33,None,17.67,None,11.00,None,26.67,None,16.33,None,30.00,None,8.34,None,8.67,None,27.67,None,21.67,None,12.67,None,8.33
1769447757.7511332,None,10.00,None,21.00,None,11.00,None,26.67,None,16.33,None,30.00,None,8.34,None,17.67,None,26.00,None,26.00,None,12.67,None,8.33
1769447757.7518127,None,10.00,None,21.00,None,11.00,None,26.67,None,16.33,None,30.00,None,8.34,None,17.67,None,26.00,None,26.00,None,12.67,None,8.33
1769447757.9992816,None,10.00,None,25.33,None,11.00,None,26.67,None,25.33,None,30.00,None,8.34,None,21.00,None,26.00,None,26.00,None,12.67,None,8.33
1769447757.9999762,None,10.00,None,25.33,None,11.00,None,26.67,None,25.33,None,30.00,None,8.34,None,21.00,None,26.00,None,26.00,None,12.67,None,8.33
1769447768.7203965,None,10.00,None,29.66,None,11.00,None,21.00,None,25.33,None,13.00,None,8.34,None,21.00,None,26.00,None,26.00,None,12.67,None,5.00
1769447768.721073,None,10.00,None,29.66,None,11.00,None,21.00,None,25.33,None,13.00,None,8.34,None,21.00,None,26.00,None,26.00,None,12.67,None,5.00
1769447768.9845235,None,10.00,None,29.66,None,11.00,None,25.00,None,25.33,None,17.33,None,8.34,None,21.00,None,26.00,None,26.00,None,12.67,None,5.00
1769447768.9853954,None,10.00,None,29.66,None,11.00,None,25.00,None,25.33,None,17.33,None,8.34,None,21.00,None,26.00,None,26.00,None,12.67,None,5.00
1769447769.241579,None,10.00,None,29.66,None,11.00,None,25.00,None,25.33,None,21.33,None,8.34,None,22.67,None,26.00,None,26.00,None,12.67,None,13.67
1769447769.2422905,None,10.00,None,29.66,None,11.00,None,25.00,None,25.33,None,21.33,None,8.34,None,22.67,None,26.00,None,26.00,None,12.67,None,13.67
1769447769.5179713,None,14.33,None,29.66,None,11.00,None,25.00,None,25.33,None,21.33,None,8.34,None,22.67,None,26.00,None,26.00,None,12.67,None,13.67
1769447769.5186965,None,14.33,None,29.66,None,11.00,None,25.00,None,25.33,None,21.33,None,8.34,None,22.67,None,26.00,None,26.00,None,12.67,None,13.67
1769447769.7621448,None,14.33,None,29.66,None,11.00,None,34.00,None,25.33,None,21.33,None,8.34,None,26.00,None,26.00,None,26.00,None,12.67,None,13.67
1769447769.7628756,None,14.33,None,29.66,None,11.00,None,34.00,None,25.33,None,21.33,None,8.34,None,26.00,None,26.00,None,26.00,None,12.67,None,13.67
1769447771.450528,None,14.33,None,29.66,None,11.00,None,43.00,None,25.33,None,21.33,None,8.34,None,29.33,None,26.00,None,26.00,None,12.67,None,13.67
1769447771.4516673,None,14.33,None,29.66,None,11.00,None,43.00,None,25.33,None,21.33,None,8.34,None,29.33,None,26.00,None,26.00,None,12.67,None,13.67
1769447773.292982,None,14.33,None,29.66,None,6.00,None,34.33,None,25.33,None,17.00,None,8.34,None,29.33,None,26.00,None,26.00,None,8.34,None,13.67
1769447773.2936947,None,14.33,None,29.66,None,6.00,None,34.33,None,25.33,None,17.00,None,8.34,None,29.33,None,26.00,None,26.00,None,8.34,None,13.67
1769447773.5497472,None,14.33,None,29.66,None,6.00,None,34.33,None,25.33,None,17.00,None,8.34,None,29.33,None,26.00,None,26.00,None,11.67,None,13.67
1769447773.5505025,None,14.33,None,29.66,None,6.00,None,34.33,None,25.33,None,17.00,None,8.34,None,29.33,None,26.00,None,26.00,None,11.67,None,13.67
1769447788.3313236,None,14.33,None,29.66,None,0.00,None,31.00,None,13.33,None,8.33,None,5.00,None,29.33,None,22.00,None,17.66,None,8.33,None,8.67
1769447788.3320935,None,14.33,None,29.66,None,0.00,None,31.00,None,13.33,None,8.33,None,5.00,None,29.33,None,22.00,None,17.66,None,8.33,None,8.67
1769447788.7460933,None,14.33,None,29.66,None,0.00,None,31.00,None,13.33,None,8.33,None,5.00,None,29.33,None,27.00,None,21.66,None,8.33,None,8.67
1769447788.7467945,None,14.33,None,29.66,None,0.00,None,31.00,None,13.33,None,8.33,None,5.00,None,29.33,None,27.00,None,21.66,None,8.33,None,8.67
1769447789.0226715,None,14.33,None,29.66,None,0.00,None,31.00,None,13.33,None,8.33,None,6.67,None,29.33,None,27.00,None,21.66,None,8.33,None,8.67
1769447789.0233536,None,14.33,None,29.66,None,0.00,None,31.00,None,13.33,None,8.33,None,6.67,None,29.33,None,27.00,None,21.66,None,8.33,None,8.67
1769447789.3062983,None,17.66,None,29.66,None,0.00,None,31.00,None,13.33,None,17.00,None,6.67,None,29.33,None,27.00,None,21.66,None,8.33,None,8.67
1769447789.3072674,None,17.66,None,29.66,None,0.00,None,31.00,None,13.33,None,17.00,None,6.67,None,29.33,None,27.00,None,21.66,None,8.33,None,8.67
1769447789.5651212,None,17.66,None,29.66,None,0.00,None,31.00,None,13.33,None,17.00,None,11.00,None,29.33,None,30.33,None,21.66,None,8.33,None,8.67
1769447789.5658424,None,17.66,None,29.66,None,0.00,None,31.00,None,13.33,None,17.00,None,11.00,None,29.33,None,30.33,None,21.66,None,8.33,None,8.67
1769447789.8457496,None,17.66,None,29.66,None,0.00,None,31.00,None,13.33,None,18.67,None,11.00,None,29.33,None,30.33,None,21.66,None,8.33,None,8.67
1769447789.846469,None,17.66,None,29.66,None,0.00,None,31.00,None,13.33,None,18.67,None,11.00,None,29.33,None,30.33,None,21.66,None,8.33,None,8.67
1769447790.1018057,None,19.33,None,29.66,None,0.00,None,31.00,None,13.33,None,18.67,None,11.00,None,29.33,None,30.33,None,21.66,None,8.33,None,8.67
1769447790.1025572,None,19.33,None,29.66,None,0.00,None,31.00,None,13.33,None,18.67,None,11.00,None,29.33,None,30.33,None,21.66,None,8.33,None,8.67
1769447802.7742069,None,19.33,None,29.66,None,0.00,None,22.00,None,13.33,None,18.67,None,7.67,None,29.33,None,26.00,None,25.99,None,3.33,None,8.67
1769447802.774942,None,19.33,None,29.66,None,0.00,None,22.00,None,13.33,None,18.67,None,7.67,None,29.33,None,26.00,None,25.99,None,3.33,None,8.67
1769447803.0416965,None,19.33,None,29.66,None,0.00,None,22.00,None,15.00,None,27.34,None,7.67,None,29.33,None,30.00,None,25.99,None,3.33,None,8.67
1769447803.0424857,None,19.33,None,29.66,None,0.00,None,22.00,None,15.00,None,27.34,None,7.67,None,29.33,None,30.00,None,25.99,None,3.33,None,8.67
1769447803.296221,None,28.33,None,29.66,None,8.67,None,22.00,None,15.00,None,27.34,None,7.67,None,29.33,None,30.00,None,25.99,None,7.66,None,8.67
1769447803.297027,None,28.33,None,29.66,None,8.67,None,22.00,None,15.00,None,27.34,None,7.67,None,29.33,None,30.00,None,25.99,None,7.66,None,8.67
1769447803.5528224,None,28.33,None,29.66,None,10.34,None,22.00,None,18.33,None,27.34,None,7.67,None,29.33,None,30.00,None,25.99,None,7.66,None,8.67
1769447803.55384,None,28.33,None,29.66,None,10.34,None,22.00,None,18.33,None,27.34,None,7.67,None,29.33,None,30.00,None,25.99,None,7.66,None,8.67
1769447803.7870564,None,28.33,None,29.66,None,10.34,None,22.00,None,18.33,None,27.34,None,7.67,None,29.33,None,30.00,None,25.99,None,7.66,None,8.67
1769447803.7878659,None,28.33,None,29.66,None,10.34,None,22.00,None,18.33,None,27.34,None,7.67,None,29.33,None,30.00,None,25.99,None,7.66,None,8.67
1769447804.0393968,None,28.33,None,29.66,None,12.01,None,22.00,None,27.33,None,27.34,None,7.67,None,29.33,None,30.00,None,25.99,None,7.66,None,8.67
1769447804.0401695,None,28.33,None,29.66,None,12.01,None,22.00,None,27.33,None,27.34,None,7.67,None,29.33,None,30.00,None,25.99,None,7.66,None,8.67
1769447810.2716167,None,20.00,None,7.66,None,10.34,None,22.00,None,None,None,17.00,None,6.00,None,20.66,None,8.33,None,21.66,None,7.66,None,8.67
1769447810.272347,None,20.00,None,7.66,None,10.34,None,22.00,None,None,None,17.00,None,6.00,None,20.66,None,8.33,None,21.66,None,7.66,None,8.67
1769447810.5339575,None,20.00,None,11.99,None,10.34,None,22.00,None,None,None,17.00,None,6.00,None,22.33,None,8.33,None,21.66,None,7.66,None,8.67
1769447810.5348575,None,20.00,None,11.99,None,10.34,None,22.00,None,None,None,17.00,None,6.00,None,22.33,None,8.33,None,21.66,None,7.66,None,8.67
1769447810.7953486,None,20.00,None,20.99,None,10.34,None,27.00,None,None,None,17.00,None,6.00,None,22.33,None,8.33,None,21.66,None,7.66,None,8.67
1769447810.7960744,None,20.00,None,20.99,None,10.34,None,27.00,None,None,None,17.00,None,6.00,None,22.33,None,8.33,None,21.66,None,7.66,None,8.67
1769447811.0557847,None,23.33,None,20.99,None,10.34,None,27.00,None,None,None,17.00,None,6.00,None,22.33,None,12.33,None,21.66,None,7.66,None,8.67
1769447811.0565233,None,23.33,None,20.99,None,10.34,None,27.00,None,None,None,17.00,None,6.00,None,22.33,None,12.33,None,21.66,None,7.66,None,8.67
1769447811.3070972,None,23.33,None,20.99,None,10.34,None,27.00,None,None,None,20.33,None,6.00,None,22.33,None,14.00,None,30.66,None,7.66,None,8.67
1769447811.3078341,None,23.33,None,20.99,None,10.34,None,27.00,None,None,None,20.33,None,6.00,None,22.33,None,14.00,None,30.66,None,7.66,None,8.67
1769447811.5215704,None,23.33,None,20.99,None,10.34,None,36.00,None,None,None,22.00,None,6.00,None,22.33,None,14.00,None,30.66,None,7.66,None,8.67
1769447811.5223155,None,23.33,None,20.99,None,10.34,None,36.00,None,None,None,22.00,None,6.00,None,22.33,None,14.00,None,30.66,None,7.66,None,8.67
1769447813.475296,None,23.33,None,29.99,None,10.34,None,36.00,None,None,None,22.00,None,6.00,None,22.33,None,17.33,None,30.66,None,7.66,None,8.67
1769447813.4762378,None,23.33,None,29.99,None,10.34,None,36.00,None,None,None,22.00,None,6.00,None,22.33,None,17.33,None,30.66,None,7.66,None,8.67
1769447813.7185035,None,23.33,None,29.99,None,10.34,None,36.00,None,None,None,22.00,None,6.00,None,25.66,None,26.00,None,39.66,None,7.66,None,8.67
1769447813.7192893,None,23.33,None,29.99,None,10.34,None,36.00,None,None,None,22.00,None,6.00,None,25.66,None,26.00,None,39.66,None,7.66,None,8.67
1769447813.9702103,None,23.33,None,29.99,None,10.34,None,36.00,None,None,None,22.00,None,7.67,None,25.66,None,34.67,None,39.66,None,7.66,None,8.67
1769447813.9709966,None,23.33,None,29.99,None,10.34,None,36.00,None,None,None,22.00,None,7.67,None,25.66,None,34.67,None,39.66,None,7.66,None,8.67
1769447814.2188303,None,23.33,None,29.99,None,10.34,None,40.33,None,None,None,22.00,None,7.67,None,25.66,None,34.67,None,48.66,None,7.66,None,8.67
1769447814.2196681,None,23.33,None,29.99,None,10.34,None,40.33,None,None,None,22.00,None,7.67,None,25.66,None,34.67,None,48.66,None,7.66,None,8.67
1769447816.819096,None,23.33,None,29.99,None,10.34,None,40.33,None,None,None,22.00,None,7.67,None,25.66,None,34.67,None,48.66,None,7.66,None,8.67
1769447816.8201115,None,23.33,None,29.99,None,10.34,None,40.33,None,None,None,22.00,None,7.67,None,25.66,None,34.67,None,48.66,None,7.66,None,8.67
1769447817.089182,None,23.33,None,29.99,None,10.34,None,40.33,None,None,None,22.00,None,7.67,None,25.66,None,34.67,None,48.66,None,7.66,None,8.67
1769447817.0902214,None,23.33,None,29.99,None,10.34,None,40.33,None,None,None,22.00,None,7.67,None,25.66,None,34.67,None,48.66,None,7.66,None,8.67
1769447817.3461251,None,23.33,None,29.99,None,10.34,None,40.33,None,None,None,22.00,None,7.67,None,25.66,None,34.67,None,48.66,None,7.66,None,8.67
1769447817.3469627,None,23.33,None,29.99,None,10.34,None,40.33,None,None,None,22.00,None,7.67,None,25.66,None,34.67,None,48.66,None,7.66,None,8.67
1769447817.5278704,None,23.33,None,29.99,None,10.34,None,40.33,None,None,None,22.00,None,7.67,None,25.66,None,34.67,None,48.66,None,7.66,None,8.67
1769447817.5289068,None,23.33,None,29.99,None,10.34,None,40.33,None,None,None,22.00,None,7.67,None,25.66,None,34.67,None,48.66,None,7.66,None,8.67
1769447817.7899466,None,23.33,None,29.99,None,10.34,None,40.33,None,None,None,22.00,None,7.67,None,25.66,None,34.67,None,48.66,None,7.66,None,8.67
1769447817.7907386,None,23.33,None,29.99,None,10.34,None,40.33,None,None,None,22.00,None,7.67,None,25.66,None,34.67,None,48.66,None,7.66,None,8.67
1769447818.0266888,None,23.33,None,29.99,None,10.34,None,40.33,None,None,None,22.00,None,7.67,None,25.66,None,34.67,None,48.66,None,7.66,None,8.67
1769447818.0275216,None,23.33,None,29.99,None,10.34,None,40.33,None,None,None,22.00,None,7.67,None,25.66,None,34.67,None,48.66,None,7.66,None,8.67
1769447827.1148486,None,None,None,26.66,None,5.00,None,32.00,None,None,None,9.00,None,9.34,None,26.66,None,22.00,None,22.00,None,3.33,None,8.67
1769447827.1155457,None,None,None,26.66,None,5.00,None,32.00,None,None,None,9.00,None,9.34,None,26.66,None,22.00,None,22.00,None,3.33,None,8.67
1769447827.3722284,None,None,None,26.66,None,5.00,None,40.67,None,None,None,9.00,None,9.34,None,28.33,None,22.00,None,22.00,None,3.33,None,8.67
1769447827.3729339,None,None,None,26.66,None,5.00,None,40.67,None,None,None,9.00,None,9.34,None,28.33,None,22.00,None,22.00,None,3.33,None,8.67
1769447827.6262996,None,None,None,26.66,None,5.00,None,40.67,None,None,None,13.33,None,9.34,None,28.33,None,22.00,None,22.00,None,3.33,None,10.34
1769447827.6270056,None,None,None,26.66,None,5.00,None,40.67,None,None,None,13.33,None,9.34,None,28.33,None,22.00,None,22.00,None,3.33,None,10.34
1769447827.878725,None,None,None,26.66,None,5.00,None,45.00,None,None,None,13.33,None,9.34,None,28.33,None,22.00,None,22.00,None,3.33,None,10.34
1769447827.879695,None,None,None,26.66,None,5.00,None,45.00,None,None,None,13.33,None,9.34,None,28.33,None,22.00,None,22.00,None,3.33,None,10.34
1769447828.0794551,None,None,None,26.66,None,5.00,None,45.00,None,None,None,13.33,None,9.34,None,28.33,None,22.00,None,22.00,None,3.33,None,10.34
1769447828.0801795,None,None,None,26.66,None,5.00,None,45.00,None,None,None,13.33,None,9.34,None,28.33,None,22.00,None,22.00,None,3.33,None,10.34
1769447828.3175466,None,None,None,26.66,None,5.00,None,49.00,None,None,None,13.33,None,12.67,None,28.33,None,22.00,None,22.00,None,12.00,None,10.34
1769447828.3182375,None,None,None,26.66,None,5.00,None,49.00,None,None,None,13.33,None,12.67,None,28.33,None,22.00,None,22.00,None,12.00,None,10.34
1769447828.5315788,None,None,None,26.66,None,5.00,None,49.00,None,None,None,13.33,None,12.67,None,28.33,None,22.00,None,22.00,None,12.00,None,10.34
1769447828.5323315,None,None,None,26.66,None,5.00,None,49.00,None,None,None,13.33,None,12.67,None,28.33,None,22.00,None,22.00,None,12.00,None,10.34
1769447828.6809404,None,None,None,26.66,None,5.00,None,49.00,None,None,None,13.33,None,12.67,None,28.33,None,22.00,None,22.00,None,12.00,None,10.34
1769447828.682011,None,None,None,26.66,None,5.00,None,49.00,None,None,None,13.33,None,12.67,None,28.33,None,22.00,None,22.00,None,12.00,None,10.34
1769447828.8977647,None,None,None,26.66,None,5.00,None,49.00,None,None,None,13.33,None,12.67,None,28.33,None,26.00,None,31.00,None,13.67,None,10.34
1769447828.898712,None,None,None,26.66,None,5.00,None,49.00,None,None,None,13.33,None,12.67,None,28.33,None,26.00,None,31.00,None,13.67,None,10.34
1769447829.4880164,None,None,None,22.33,None,5.00,None,49.00,None,None,None,16.66,None,12.67,None,26.66,None,30.33,None,31.00,None,13.67,None,10.34
1769447829.4888034,None,None,None,22.33,None,5.00,None,49.00,None,None,None,16.66,None,12.67,None,26.66,None,30.33,None,31.00,None,13.67,None,10.34
1769447839.475317,None,None,None,13.33,None,5.00,None,40.00,None,18.00,None,14.99,None,12.67,None,29.99,None,27.00,None,31.00,None,10.34,None,10.34
1769447839.4760504,None,None,None,13.33,None,5.00,None,40.00,None,18.00,None,14.99,None,12.67,None,29.99,None,27.00,None,31.00,None,10.34,None,10.34
1769447841.6263573,None,None,None,13.33,None,5.00,None,40.00,None,22.33,None,23.66,None,12.67,None,29.99,None,27.00,None,31.00,None,10.34,None,10.34
1769447841.627243,None,None,None,13.33,None,5.00,None,40.00,None,22.33,None,23.66,None,12.67,None,29.99,None,27.00,None,31.00,None,10.34,None,10.34
1769447841.8950105,None,None,None,13.00,None,5.00,None,35.00,None,22.33,None,23.66,None,12.67,None,29.99,None,30.33,None,31.00,None,10.34,None,10.34
1769447841.895748,None,None,None,13.00,None,5.00,None,35.00,None,22.33,None,23.66,None,12.67,None,29.99,None,30.33,None,31.00,None,10.34,None,10.34
1769447842.1295567,None,None,None,13.00,None,5.00,None,35.00,None,22.33,None,23.66,None,12.67,None,29.99,None,30.33,None,31.00,None,10.34,None,10.34
1769447842.1302915,None,None,None,13.00,None,5.00,None,35.00,None,22.33,None,23.66,None,12.67,None,29.99,None,30.33,None,31.00,None,10.34,None,10.34
1769447842.382468,None,None,None,13.00,None,5.00,None,35.00,None,22.33,None,25.33,None,12.67,None,29.99,None,33.66,None,31.00,None,10.34,None,10.34
1769447842.383198,None,None,None,13.00,None,5.00,None,35.00,None,22.33,None,25.33,None,12.67,None,29.99,None,33.66,None,31.00,None,10.34,None,10.34
1769447842.621462,None,None,None,21.67,None,9.33,None,36.67,None,22.33,None,25.33,None,12.67,None,29.99,None,36.99,None,31.00,None,10.34,None,10.34
1769447842.6222136,None,None,None,21.67,None,9.33,None,36.67,None,22.33,None,25.33,None,12.67,None,29.99,None,36.99,None,31.00,None,10.34,None,10.34
1769447842.8470821,None,None,None,21.67,None,9.33,None,36.67,None,22.33,None,25.33,None,12.67,None,29.99,None,36.99,None,31.00,None,10.34,None,10.34
1769447842.8480089,None,None,None,21.67,None,9.33,None,36.67,None,22.33,None,25.33,None,12.67,None,29.99,None,36.99,None,31.00,None,10.34,None,10.34
1769447844.5286403,None,None,None,17.34,None,9.33,None,14.34,None,13.33,None,21.00,None,6.67,None,21.66,None,29.32,None,18.00,None,8.67,None,0.00
1769447844.529405,None,None,None,17.34,None,9.33,None,14.34,None,13.33,None,21.00,None,6.67,None,21.66,None,29.32,None,18.00,None,8.67,None,0.00
1769447844.8143966,None,None,None,17.34,None,9.33,None,14.34,None,13.33,None,22.67,None,6.67,None,21.66,None,29.32,None,18.00,None,8.67,None,0.00
1769447844.8152418,None,None,None,17.34,None,9.33,None,14.34,None,13.33,None,22.67,None,6.67,None,21.66,None,29.32,None,18.00,None,8.67,None,0.00
1769447845.0937486,None,None,None,17.34,None,9.33,None,14.34,None,13.33,None,22.67,None,6.67,None,21.66,None,29.32,None,26.67,None,8.67,None,0.00
1769447845.0944138,None,None,None,17.34,None,9.33,None,14.34,None,13.33,None,22.67,None,6.67,None,21.66,None,29.32,None,26.67,None,8.67,None,0.00
1769447845.3784459,None,None,None,19.01,None,9.33,None,14.34,None,13.33,None,22.67,None,6.67,None,21.66,None,29.32,None,39.67,None,8.67,None,0.00
1769447845.3792624,None,None,None,19.01,None,9.33,None,14.34,None,13.33,None,22.67,None,6.67,None,21.66,None,29.32,None,39.67,None,8.67,None,0.00
1769447845.6679363,None,None,None,22.34,None,9.33,None,14.34,None,13.33,None,22.67,None,8.34,None,21.66,None,29.32,None,44.00,None,8.67,None,8.67
1769447845.6686375,None,None,None,22.34,None,9.33,None,14.34,None,13.33,None,22.67,None,8.34,None,21.66,None,29.32,None,44.00,None,8.67,None,8.67
1769447845.9228563,None,None,None,22.34,None,9.33,None,14.34,None,13.33,None,27.67,None,8.34,None,21.66,None,29.32,None,44.00,None,8.67,None,8.67
1769447845.923547,None,None,None,22.34,None,9.33,None,14.34,None,13.33,None,27.67,None,8.34,None,21.66,None,29.32,None,44.00,None,8.67,None,8.67
1769447846.165862,None,None,None,22.34,None,9.33,None,14.34,None,22.33,None,27.67,None,8.34,None,21.66,None,33.32,None,44.00,None,8.67,None,8.67
1769447846.1665628,None,None,None,22.34,None,9.33,None,14.34,None,22.33,None,27.67,None,8.34,None,21.66,None,33.32,None,44.00,None,8.67,None,8.67
1769447846.4216175,None,None,None,22.34,None,9.33,None,14.34,None,22.33,None,27.67,None,8.34,None,21.66,None,33.32,None,48.00,None,10.34,None,8.67
1769447846.4227912,None,None,None,22.34,None,9.33,None,14.34,None,22.33,None,27.67,None,8.34,None,21.66,None,33.32,None,48.00,None,10.34,None,8.67
1769447846.6130757,None,None,None,22.34,None,9.33,None,14.34,None,22.33,None,27.67,None,8.34,None,21.66,None,33.32,None,48.00,None,10.34,None,8.67
1769447846.613805,None,None,None,22.34,None,9.33,None,14.34,None,22.33,None,27.67,None,8.34,None,21.66,None,33.32,None,48.00,None,10.34,None,8.67
1769447846.857333,None,None,None,22.34,None,9.33,None,14.34,None,22.33,None,27.67,None,8.34,None,21.66,None,33.32,None,48.00,None,12.01,None,8.67
1769447846.8580763,None,None,None,22.34,None,9.33,None,14.34,None,22.33,None,27.67,None,8.34,None,21.66,None,33.32,None,48.00,None,12.01,None,8.67
1769447847.0559742,None,None,None,22.34,None,9.33,None,14.34,None,22.33,None,27.67,None,8.34,None,21.66,None,33.32,None,48.00,None,12.01,None,8.67
1769447847.0567257,None,None,None,22.34,None,9.33,None,14.34,None,22.33,None,27.67,None,8.34,None,21.66,None,33.32,None,48.00,None,12.01,None,8.67
1769447849.5267096,None,4.33,None,22.34,None,9.33,None,14.34,None,22.33,None,31.00,None,8.34,None,21.66,None,41.99,None,48.00,None,12.01,None,8.67
1769447849.5274692,None,4.33,None,22.34,None,9.33,None,14.34,None,22.33,None,31.00,None,8.34,None,21.66,None,41.99,None,48.00,None,12.01,None,8.67
1769447858.8652475,None,14.67,None,22.34,None,9.33,None,14.34,None,26.66,None,31.00,None,8.34,None,21.66,None,41.99,None,48.00,None,12.01,None,8.67
1769447858.8660083,None,14.67,None,22.34,None,9.33,None,14.34,None,26.66,None,31.00,None,8.34,None,21.66,None,41.99,None,48.00,None,12.01,None,8.67
1769447859.1241474,None,14.67,None,22.34,None,9.33,None,14.34,None,26.66,None,31.00,None,8.34,None,21.66,None,41.99,None,48.00,None,13.68,None,8.67
1769447859.1249518,None,14.67,None,22.34,None,9.33,None,14.34,None,26.66,None,31.00,None,8.34,None,21.66,None,41.99,None,48.00,None,13.68,None,8.67
1769447859.3545403,None,14.67,None,22.34,None,9.33,None,14.34,None,26.66,None,31.00,None,8.34,None,21.66,None,41.99,None,48.00,None,13.68,None,8.67
1769447859.3553264,None,14.67,None,22.34,None,9.33,None,14.34,None,26.66,None,31.00,None,8.34,None,21.66,None,41.99,None,48.00,None,13.68,None,8.67
1769447859.574074,None,14.67,None,22.34,None,9.33,None,14.34,None,26.66,None,31.00,None,8.34,None,21.66,None,41.99,None,48.00,None,13.68,None,8.67
1769447859.574848,None,14.67,None,22.34,None,9.33,None,14.34,None,26.66,None,31.00,None,8.34,None,21.66,None,41.99,None,48.00,None,13.68,None,8.67
1769447861.8307173,None,14.67,None,22.34,None,9.33,None,14.34,None,26.66,None,31.00,None,8.34,None,21.66,None,41.99,None,48.00,None,13.68,None,8.67
1769447861.8317986,None,14.67,None,22.34,None,9.33,None,14.34,None,26.66,None,31.00,None,8.34,None,21.66,None,41.99,None,48.00,None,13.68,None,8.67
1769447862.1001475,None,14.67,None,20.67,None,9.33,None,10.34,None,26.66,None,26.00,None,8.34,None,21.66,None,41.99,None,35.00,None,5.01,None,8.67
1769447862.1010838,None,14.67,None,20.67,None,9.33,None,10.34,None,26.66,None,26.00,None,8.34,None,21.66,None,41.99,None,35.00,None,5.01,None,8.67
1769447862.3363705,None,14.67,None,20.67,None,9.33,None,19.34,None,26.66,None,26.00,None,8.34,None,21.66,None,41.99,None,38.33,None,5.01,None,8.67
1769447862.3372264,None,14.67,None,20.67,None,9.33,None,19.34,None,26.66,None,26.00,None,8.34,None,21.66,None,41.99,None,38.33,None,5.01,None,8.67
1769447862.6234748,None,18.00,None,20.67,None,9.33,None,23.34,None,26.66,None,30.33,None,8.34,None,21.66,None,41.99,None,38.33,None,5.01,None,8.67
1769447862.6242642,None,18.00,None,20.67,None,9.33,None,23.34,None,26.66,None,30.33,None,8.34,None,21.66,None,41.99,None,38.33,None,5.01,None,8.67
1769447862.8567958,None,18.00,None,20.67,None,9.33,None,23.34,None,26.66,None,30.33,None,8.34,None,21.66,None,41.99,None,38.33,None,5.01,None,8.67
1769447862.8580275,None,18.00,None,20.67,None,9.33,None,23.34,None,26.66,None,30.33,None,8.34,None,21.66,None,41.99,None,38.33,None,5.01,None,8.67
1769447863.13421,None,18.00,None,12.00,None,7.66,None,21.34,None,None,None,28.66,None,5.01,None,18.33,None,34.66,None,35.00,None,6.68,None,8.67
1769447863.1349707,None,18.00,None,12.00,None,7.66,None,21.34,None,None,None,28.66,None,5.01,None,18.33,None,34.66,None,35.00,None,6.68,None,8.67
1769447863.391171,None,18.00,None,12.00,None,7.66,None,21.34,None,None,None,31.99,None,5.01,None,18.33,None,34.66,None,35.00,None,6.68,None,8.67
1769447863.391844,None,18.00,None,12.00,None,7.66,None,21.34,None,None,None,31.99,None,5.01,None,18.33,None,34.66,None,35.00,None,6.68,None,8.67
1769447863.6895812,None,18.00,None,16.33,None,7.66,None,21.34,None,None,None,31.99,None,5.01,None,18.33,None,38.66,None,35.00,None,6.68,None,10.34
1769447863.6903844,None,18.00,None,16.33,None,7.66,None,21.34,None,None,None,31.99,None,5.01,None,18.33,None,38.66,None,35.00,None,6.68,None,10.34
1769447863.9518542,None,18.00,None,16.33,None,7.66,None,29.00,None,None,None,33.66,None,5.01,None,18.33,None,38.66,None,35.00,None,6.68,None,10.34
1769447863.952812,None,18.00,None,16.33,None,7.66,None,29.00,None,None,None,33.66,None,5.01,None,18.33,None,38.66,None,35.00,None,6.68,None,10.34
1769447864.1796317,None,18.00,None,16.33,None,7.66,None,29.00,None,None,None,33.66,None,5.01,None,18.33,None,38.66,None,35.00,None,6.68,None,10.34
1769447864.1803796,None,18.00,None,16.33,None,7.66,None,29.00,None,None,None,33.66,None,5.01,None,18.33,None,38.66,None,35.00,None,6.68,None,10.34
1769447864.4185755,None,18.00,None,16.33,None,7.66,None,29.00,None,None,None,33.66,None,5.01,None,18.33,None,38.66,None,35.00,None,6.68,None,10.34
1769447864.4193249,None,18.00,None,16.33,None,7.66,None,29.00,None,None,None,33.66,None,5.01,None,18.33,None,38.66,None,35.00,None,6.68,None,10.34
1769447864.6485486,None,18.00,None,16.33,None,7.66,None,29.00,None,None,None,33.66,None,5.01,None,18.33,None,38.66,None,35.00,None,6.68,None,10.34
1769447864.6494005,None,18.00,None,16.33,None,7.66,None,29.00,None,None,None,33.66,None,5.01,None,18.33,None,38.66,None,35.00,None,6.68,None,10.34
1769447874.8285494,None,18.00,None,16.33,None,7.66,None,29.00,None,None,None,33.66,None,5.01,None,18.33,None,38.66,None,35.00,None,6.68,None,10.34
1769447874.8292966,None,18.00,None,16.33,None,7.66,None,29.00,None,None,None,33.66,None,5.01,None,18.33,None,38.66,None,35.00,None,6.68,None,10.34
1769447875.099748,None,21.33,None,25.33,None,7.66,None,29.00,None,None,None,33.66,None,5.01,None,27.00,None,38.66,None,35.00,None,6.68,None,10.34
1769447875.100492,None,21.33,None,25.33,None,7.66,None,29.00,None,None,None,33.66,None,5.01,None,27.00,None,38.66,None,35.00,None,6.68,None,10.34
1769447875.3155303,None,21.33,None,25.33,None,7.66,None,29.00,None,None,None,33.66,None,5.01,None,27.00,None,38.66,None,35.00,None,6.68,None,10.34
1769447875.3163216,None,21.33,None,25.33,None,7.66,None,29.00,None,None,None,33.66,None,5.01,None,27.00,None,38.66,None,35.00,None,6.68,None,10.34
1769447875.547598,None,21.33,None,25.33,None,7.66,None,29.00,None,None,None,33.66,None,5.01,None,27.00,None,38.66,None,35.00,None,6.68,None,10.34
1769447875.548484,None,21.33,None,25.33,None,7.66,None,29.00,None,None,None,33.66,None,5.01,None,27.00,None,38.66,None,35.00,None,6.68,None,10.34
1769447875.7769034,None,21.33,None,25.33,None,7.66,None,29.00,None,None,None,33.66,None,5.01,None,27.00,None,38.66,None,35.00,None,6.68,None,10.34
1769447875.7776845,None,21.33,None,25.33,None,7.66,None,29.00,None,None,None,33.66,None,5.01,None,27.00,None,38.66,None,35.00,None,6.68,None,10.34
1769447876.000201,None,21.33,None,25.33,None,7.66,None,29.00,None,None,None,33.66,None,5.01,None,27.00,None,38.66,None,35.00,None,6.68,None,10.34
1769447876.0011215,None,21.33,None,25.33,None,7.66,None,29.00,None,None,None,33.66,None,5.01,None,27.00,None,38.66,None,35.00,None,6.68,None,10.34
1769447888.7615821,None,23.67,None,9.33,None,0.00,None,0.00,None,8.66,None,23.66,None,0.00,None,None,None,22.00,None,17.67,None,1.67,None,1.67
1769447888.7622209,None,23.67,None,9.33,None,0.00,None,0.00,None,8.66,None,23.66,None,0.00,None,None,None,22.00,None,17.67,None,1.67,None,1.67
1769447889.0284724,None,27.00,None,9.33,None,8.67,None,0.00,None,8.66,None,23.66,None,0.00,None,None,None,22.00,None,19.34,None,1.67,None,1.67
1769447889.0291002,None,27.00,None,9.33,None,8.67,None,0.00,None,8.66,None,23.66,None,0.00,None,None,None,22.00,None,19.34,None,1.67,None,1.67
1769447889.2847545,None,27.00,None,9.33,None,8.67,None,0.00,None,8.66,None,32.66,None,0.00,None,None,None,22.00,None,19.34,None,3.34,None,1.67
1769447889.2855797,None,27.00,None,9.33,None,8.67,None,0.00,None,8.66,None,32.66,None,0.00,None,None,None,22.00,None,19.34,None,3.34,None,1.67
1769447889.5668097,None,27.00,None,9.33,None,8.67,None,0.00,None,17.33,None,41.66,None,1.67,None,None,None,22.00,None,23.67,None,3.34,None,1.67
1769447889.5674791,None,27.00,None,9.33,None,8.67,None,0.00,None,17.33,None,41.66,None,1.67,None,None,None,22.00,None,23.67,None,3.34,None,1.67
1769447889.8407042,None,27.00,None,11.00,None,8.67,None,0.00,None,26.33,None,41.66,None,10.34,None,None,None,22.00,None,27.67,None,3.34,None,1.67
1769447889.841494,None,27.00,None,11.00,None,8.67,None,0.00,None,26.33,None,41.66,None,10.34,None,None,None,22.00,None,27.67,None,3.34,None,1.67
1769447890.1087015,None,27.00,None,11.00,None,8.67,None,0.00,None,26.33,None,45.66,None,10.34,None,None,None,22.00,None,27.67,None,3.34,None,1.67
1769447890.1094055,None,27.00,None,11.00,None,8.67,None,0.00,None,26.33,None,45.66,None,10.34,None,None,None,22.00,None,27.67,None,3.34,None,1.67
1769447900.8964005,None,19.34,None,9.33,None,0.00,None,3.33,None,17.33,None,48.67,None,1.67,None,None,None,9.00,None,17.33,None,3.34,None,1.67
1769447900.897221,None,19.34,None,9.33,None,0.00,None,3.33,None,17.33,None,48.67,None,1.67,None,None,None,9.00,None,17.33,None,3.34,None,1.67
1769447901.1947863,None,19.34,None,9.33,None,0.00,None,6.66,None,17.33,None,48.67,None,1.67,None,None,None,9.00,None,17.33,None,3.34,None,1.67
1769447901.1955192,None,19.34,None,9.33,None,0.00,None,6.66,None,17.33,None,48.67,None,1.67,None,None,None,9.00,None,17.33,None,3.34,None,1.67
1769447901.4895902,None,19.34,None,18.00,None,1.67,None,6.66,None,17.33,None,48.67,None,10.67,None,None,None,13.33,None,17.33,None,3.34,None,1.67
1769447901.490236,None,19.34,None,18.00,None,1.67,None,6.66,None,17.33,None,48.67,None,10.67,None,None,None,13.33,None,17.33,None,3.34,None,1.67
1769447901.7569065,None,19.34,None,18.00,None,9.33,None,6.66,None,17.33,None,48.67,None,10.67,None,None,None,13.33,None,17.33,None,3.34,None,1.67
1769447901.757571,None,19.34,None,18.00,None,9.33,None,6.66,None,17.33,None,48.67,None,10.67,None,None,None,13.33,None,17.33,None,3.34,None,1.67
1769447902.050572,None,19.34,None,18.00,None,9.33,None,9.99,None,26.00,None,48.67,None,10.67,None,None,None,13.33,None,17.33,None,7.67,None,1.67
1769447902.051416,None,19.34,None,18.00,None,9.33,None,9.99,None,26.00,None,48.67,None,10.67,None,None,None,13.33,None,17.33,None,7.67,None,1.67
1769447902.3469632,None,19.34,None,18.00,None,9.33,None,13.32,None,26.00,None,48.67,None,10.67,None,None,None,13.33,None,17.33,None,7.67,None,1.67
1769447902.3476486,None,19.34,None,18.00,None,9.33,None,13.32,None,26.00,None,48.67,None,10.67,None,None,None,13.33,None,17.33,None,7.67,None,1.67
1769447909.6019108,None,None,None,21.67,None,9.33,None,13.32,None,21.67,None,48.67,None,10.67,None,1.67,None,13.33,None,17.33,None,7.67,None,10.67
1769447909.6025972,None,None,None,21.67,None,9.33,None,13.32,None,21.67,None,48.67,None,10.67,None,1.67,None,13.33,None,17.33,None,7.67,None,10.67
1769447909.8993502,None,None,None,21.67,None,9.33,None,26.32,None,21.67,None,53.00,None,10.67,None,5.00,None,22.00,None,17.33,None,7.67,None,10.67
1769447909.9000793,None,None,None,21.67,None,9.33,None,26.32,None,21.67,None,53.00,None,10.67,None,5.00,None,22.00,None,17.33,None,7.67,None,10.67
1769447912.319895,None,None,None,21.67,None,9.33,None,27.99,None,21.67,None,49.67,None,10.67,None,5.00,None,20.33,None,12.66,None,7.67,None,10.67
1769447912.3205714,None,None,None,21.67,None,9.33,None,27.99,None,21.67,None,49.67,None,10.67,None,5.00,None,20.33,None,12.66,None,7.67,None,10.67
1769447917.3302155,None,None,None,21.67,None,9.33,None,23.99,None,21.67,None,32.34,None,10.67,None,3.34,None,11.66,None,12.66,None,6.00,None,10.67
1769447917.331125,None,None,None,21.67,None,9.33,None,23.99,None,21.67,None,32.34,None,10.67,None,3.34,None,11.66,None,12.66,None,6.00,None,10.67
1769447917.6176386,None,None,None,21.67,None,9.33,None,27.32,None,21.67,None,34.01,None,10.67,None,7.67,None,20.66,None,12.66,None,6.00,None,10.67
1769447917.6182919,None,None,None,21.67,None,9.33,None,27.32,None,21.67,None,34.01,None,10.67,None,7.67,None,20.66,None,12.66,None,6.00,None,10.67
1769447917.9012196,None,None,None,21.67,None,9.33,None,27.32,None,21.67,None,34.01,None,10.67,None,7.67,None,29.33,None,12.66,None,6.00,None,10.67
1769447917.9020126,None,None,None,21.67,None,9.33,None,27.32,None,21.67,None,34.01,None,10.67,None,7.67,None,29.33,None,12.66,None,6.00,None,10.67
1769447920.928534,None,None,None,21.67,None,9.33,None,36.32,None,21.67,None,42.68,None,10.67,None,7.67,None,31.00,None,12.66,None,6.00,None,10.67
1769447920.9294226,None,None,None,21.67,None,9.33,None,36.32,None,21.67,None,42.68,None,10.67,None,7.67,None,31.00,None,12.66,None,6.00,None,10.67
1769447921.2227879,None,None,None,21.67,None,9.33,None,36.32,None,21.67,None,42.68,None,10.67,None,7.67,None,40.00,None,15.99,None,7.67,None,10.67
1769447921.223516,None,None,None,21.67,None,9.33,None,36.32,None,21.67,None,42.68,None,10.67,None,7.67,None,40.00,None,15.99,None,7.67,None,10.67
1769447921.487295,None,None,None,21.67,None,9.33,None,36.32,None,21.67,None,42.68,None,10.67,None,7.67,None,41.67,None,19.32,None,7.67,None,10.67
1769447921.488013,None,None,None,21.67,None,9.33,None,36.32,None,21.67,None,42.68,None,10.67,None,7.67,None,41.67,None,19.32,None,7.67,None,10.67
1769447921.7895918,None,None,None,21.67,None,9.33,None,36.32,None,21.67,None,51.35,None,10.67,None,7.67,None,41.67,None,19.32,None,7.67,None,10.67
1769447921.7905235,None,None,None,21.67,None,9.33,None,36.32,None,21.67,None,51.35,None,10.67,None,7.67,None,41.67,None,19.32,None,7.67,None,10.67
1769447922.0733235,None,None,None,21.67,None,9.33,None,36.32,None,21.67,None,51.35,None,10.67,None,16.34,None,41.67,None,19.32,None,7.67,None,10.67
1769447922.0740933,None,None,None,21.67,None,9.33,None,36.32,None,21.67,None,51.35,None,10.67,None,16.34,None,41.67,None,19.32,None,7.67,None,10.67
1769447922.3621078,None,None,None,21.67,None,9.33,None,36.32,None,21.67,None,51.35,None,10.67,None,26.68,None,41.67,None,22.65,None,7.67,None,10.67
1769447922.3628442,None,None,None,21.67,None,9.33,None,36.32,None,21.67,None,51.35,None,10.67,None,26.68,None,41.67,None,22.65,None,7.67,None,10.67
1769447922.6426854,None,None,None,17.34,None,13.66,None,40.32,None,21.67,None,49.68,None,10.67,None,26.68,None,43.34,None,25.98,None,6.00,None,9.00
1769447922.6434112,None,None,None,17.34,None,13.66,None,40.32,None,21.67,None,49.68,None,10.67,None,26.68,None,43.34,None,25.98,None,6.00,None,9.00
1769447922.9026132,None,None,None,17.34,None,13.66,None,41.99,None,21.67,None,49.68,None,10.67,None,26.68,None,47.34,None,34.65,None,10.33,None,9.00
1769447922.9035325,None,None,None,17.34,None,13.66,None,41.99,None,21.67,None,49.68,None,10.67,None,26.68,None,47.34,None,34.65,None,10.33,None,9.00
1769447923.141678,None,None,None,17.34,None,13.66,None,41.99,None,21.67,None,49.68,None,10.67,None,26.68,None,50.67,None,34.65,None,10.33,None,13.33
1769447923.1424353,None,None,None,17.34,None,13.66,None,41.99,None,21.67,None,49.68,None,10.67,None,26.68,None,50.67,None,34.65,None,10.33,None,13.33
1769447927.6506867,None,None,None,8.67,None,13.66,None,41.99,None,21.67,None,49.68,None,10.67,None,25.01,None,50.67,None,34.65,None,10.33,None,4.33
1769447927.6514647,None,None,None,8.67,None,13.66,None,41.99,None,21.67,None,49.68,None,10.67,None,25.01,None,50.67,None,34.65,None,10.33,None,4.33
1769447932.6602583,None,0.00,None,8.67,None,13.66,None,40.32,None,21.67,None,51.35,None,10.67,None,25.01,None,46.67,None,25.98,None,6.00,None,4.33
1769447932.6609757,None,0.00,None,8.67,None,13.66,None,40.32,None,21.67,None,51.35,None,10.67,None,25.01,None,46.67,None,25.98,None,6.00,None,4.33
1769447932.9273987,None,0.00,None,8.67,None,13.66,None,40.32,None,21.67,None,51.35,None,10.67,None,25.01,None,55.34,None,29.31,None,6.00,None,4.33
1769447932.9281476,None,0.00,None,8.67,None,13.66,None,40.32,None,21.67,None,51.35,None,10.67,None,25.01,None,55.34,None,29.31,None,6.00,None,4.33
1769447939.9229548,None,9.00,None,21.67,None,13.66,None,40.32,None,21.67,None,51.35,None,10.67,None,25.01,None,55.34,None,29.31,None,6.00,None,4.33
1769447939.923728,None,9.00,None,21.67,None,13.66,None,40.32,None,21.67,None,51.35,None,10.67,None,25.01,None,55.34,None,29.31,None,6.00,None,4.33
1769447940.175199,None,9.00,None,21.67,None,13.66,None,40.32,None,21.67,None,51.35,None,10.67,None,25.01,None,55.34,None,29.31,None,9.33,None,4.33
1769447940.176157,None,9.00,None,21.67,None,13.66,None,40.32,None,21.67,None,51.35,None,10.67,None,25.01,None,55.34,None,29.31,None,9.33,None,4.33
1769447942.455999,None,12.33,None,21.67,None,13.66,None,40.32,None,21.67,None,51.35,None,10.67,None,25.01,None,55.34,None,29.31,None,9.33,None,4.33
1769447942.4568908,None,12.33,None,21.67,None,13.66,None,40.32,None,21.67,None,51.35,None,10.67,None,25.01,None,55.34,None,29.31,None,9.33,None,4.33
1769447942.737546,None,12.33,None,21.67,None,13.66,None,35.32,None,13.00,None,51.02,None,9.00,None,26.68,None,55.34,None,20.65,None,9.33,None,4.33
1769447942.7383313,None,12.33,None,21.67,None,13.66,None,35.32,None,13.00,None,51.02,None,9.00,None,26.68,None,55.34,None,20.65,None,9.33,None,4.33
1769447943.0151048,None,12.33,None,26.00,None,13.66,None,35.32,None,14.67,None,51.02,None,9.00,None,26.68,None,55.34,None,20.65,None,9.33,None,13.33
1769447943.015894,None,12.33,None,26.00,None,13.66,None,35.32,None,14.67,None,51.02,None,9.00,None,26.68,None,55.34,None,20.65,None,9.33,None,13.33
1769447943.2897196,None,12.33,None,26.00,None,13.66,None,35.32,None,18.00,None,55.02,None,9.00,None,26.68,None,55.34,None,20.65,None,11.00,None,13.33
1769447943.2905126,None,12.33,None,26.00,None,13.66,None,35.32,None,18.00,None,55.02,None,9.00,None,26.68,None,55.34,None,20.65,None,11.00,None,13.33
1769447943.5605748,None,21.33,None,26.00,None,13.66,None,35.32,None,18.00,None,55.02,None,9.00,None,26.68,None,55.34,None,23.98,None,11.00,None,13.33
1769447943.5615714,None,21.33,None,26.00,None,13.66,None,35.32,None,18.00,None,55.02,None,9.00,None,26.68,None,55.34,None,23.98,None,11.00,None,13.33
1769447943.8211482,None,21.33,None,26.00,None,13.66,None,35.32,None,18.00,None,55.02,None,9.00,None,26.68,None,55.34,None,23.98,None,11.00,None,13.33
1769447943.8219569,None,21.33,None,26.00,None,13.66,None,35.32,None,18.00,None,55.02,None,9.00,None,26.68,None,55.34,None,23.98,None,11.00,None,13.33
1769447944.0808146,None,21.33,None,26.00,None,13.66,None,35.32,None,18.00,None,55.02,None,9.00,None,26.68,None,55.34,None,23.98,None,11.00,None,13.33
1769447944.0816455,None,21.33,None,26.00,None,13.66,None,35.32,None,18.00,None,55.02,None,9.00,None,26.68,None,55.34,None,23.98,None,11.00,None,13.33
1769447948.5448518,None,None,None,13.00,None,13.66,None,35.32,None,14.67,None,51.02,None,13.33,None,26.68,None,50.67,None,20.65,None,9.33,None,13.33
1769447948.5457754,None,None,None,13.00,None,13.66,None,35.32,None,14.67,None,51.02,None,13.33,None,26.68,None,50.67,None,20.65,None,9.33,None,13.33
1769447948.7947733,None,None,None,13.00,None,13.66,None,35.32,None,14.67,None,51.02,None,13.33,None,26.68,None,50.67,None,20.65,None,9.33,None,13.33
1769447948.795553,None,None,None,13.00,None,13.66,None,35.32,None,14.67,None,51.02,None,13.33,None,26.68,None,50.67,None,20.65,None,9.33,None,13.33
1769447949.0496273,None,None,None,13.00,None,13.66,None,44.32,None,14.67,None,54.35,None,13.33,None,26.68,None,50.67,None,22.32,None,9.33,None,13.33
1769447949.0504096,None,None,None,13.00,None,13.66,None,44.32,None,14.67,None,54.35,None,13.33,None,26.68,None,50.67,None,22.32,None,9.33,None,13.33
1769447949.2786763,None,None,None,13.00,None,13.66,None,44.32,None,14.67,None,54.35,None,13.33,None,26.68,None,50.67,None,22.32,None,9.33,None,13.33
1769447949.2794914,None,None,None,13.00,None,13.66,None,44.32,None,14.67,None,54.35,None,13.33,None,26.68,None,50.67,None,22.32,None,9.33,None,13.33
1769447952.7189944,None,None,None,13.00,None,13.66,None,44.32,None,14.67,None,54.35,None,13.33,None,26.68,None,42.00,None,22.32,None,9.33,None,13.33
1769447952.7197783,None,None,None,13.00,None,13.66,None,44.32,None,14.67,None,54.35,None,13.33,None,26.68,None,42.00,None,22.32,None,9.33,None,13.33
1769447959.9538567,None,None,None,13.00,None,13.66,None,40.99,None,10.34,None,44.01,None,13.33,None,22.35,None,34.00,None,22.32,None,9.33,None,9.00
1769447959.9546196,None,None,None,13.00,None,13.66,None,40.99,None,10.34,None,44.01,None,13.33,None,22.35,None,34.00,None,22.32,None,9.33,None,9.00
1769447960.2403917,None,None,None,13.00,None,13.66,None,40.99,None,13.67,None,44.01,None,13.33,None,22.35,None,34.00,None,22.32,None,9.33,None,9.00
1769447960.2411404,None,None,None,13.00,None,13.66,None,40.99,None,13.67,None,44.01,None,13.33,None,22.35,None,34.00,None,22.32,None,9.33,None,9.00
1769447960.4841144,None,None,None,13.00,None,13.66,None,49.99,None,22.34,None,44.01,None,13.33,None,22.35,None,34.00,None,22.32,None,13.66,None,10.67
1769447960.485108,None,None,None,13.00,None,13.66,None,49.99,None,22.34,None,44.01,None,13.33,None,22.35,None,34.00,None,22.32,None,13.66,None,10.67
1769447960.7225022,None,None,None,13.00,None,13.66,None,49.99,None,22.34,None,44.01,None,13.33,None,22.35,None,34.00,None,22.32,None,13.66,None,10.67
1769447960.723278,None,None,None,13.00,None,13.66,None,49.99,None,22.34,None,44.01,None,13.33,None,22.35,None,34.00,None,22.32,None,13.66,None,10.67
1769447960.979765,None,None,None,17.33,None,13.66,None,49.99,None,22.34,None,44.01,None,13.33,None,25.68,None,34.00,None,22.32,None,13.66,None,10.67
1769447960.9805517,None,None,None,17.33,None,13.66,None,49.99,None,22.34,None,44.01,None,13.33,None,25.68,None,34.00,None,22.32,None,13.66,None,10.67
1769447961.2440178,None,None,None,17.33,None,13.66,None,49.99,None,22.34,None,47.34,None,13.33,None,25.68,None,34.00,None,22.32,None,13.66,None,10.67
1769447961.245254,None,None,None,17.33,None,13.66,None,49.99,None,22.34,None,47.34,None,13.33,None,25.68,None,34.00,None,22.32,None,13.66,None,10.67
1769447972.7564447,None,9.00,None,17.33,None,12.66,None,42.33,None,22.34,None,54.67,None,13.33,None,24.01,None,25.00,None,18.99,None,13.66,None,10.67
1769447972.7574265,None,9.00,None,17.33,None,12.66,None,42.33,None,22.34,None,54.67,None,13.33,None,24.01,None,25.00,None,18.99,None,13.66,None,10.67
1769447981.9559882,None,9.00,None,17.33,None,12.66,None,42.33,None,22.34,None,54.67,None,13.33,None,24.01,None,25.00,None,18.99,None,13.66,None,10.67
1769447981.9568048,None,9.00,None,17.33,None,12.66,None,42.33,None,22.34,None,54.67,None,13.33,None,24.01,None,25.00,None,18.99,None,13.66,None,10.67
1769447982.236143,None,19.67,None,17.33,None,12.66,None,46.33,None,22.34,None,54.67,None,13.33,None,24.01,None,25.00,None,18.99,None,13.66,None,10.67
1769447982.2373776,None,19.67,None,17.33,None,12.66,None,46.33,None,22.34,None,54.67,None,13.33,None,24.01,None,25.00,None,18.99,None,13.66,None,10.67
1769447982.4765263,None,19.67,None,17.33,None,12.66,None,46.33,None,22.34,None,54.67,None,13.33,None,24.01,None,25.00,None,18.99,None,13.66,None,10.67
1769447982.477392,None,19.67,None,17.33,None,12.66,None,46.33,None,22.34,None,54.67,None,13.33,None,24.01,None,25.00,None,18.99,None,13.66,None,10.67
1769447982.7647078,None,19.67,None,17.33,None,12.66,None,46.33,None,22.34,None,54.67,None,13.33,None,28.34,None,25.00,None,18.99,None,13.66,None,10.67
1769447982.7655904,None,19.67,None,17.33,None,12.66,None,46.33,None,22.34,None,54.67,None,13.33,None,28.34,None,25.00,None,18.99,None,13.66,None,10.67
1769447983.0496604,None,19.67,None,17.33,None,12.66,None,55.33,None,22.34,None,46.00,None,13.33,None,23.34,None,29.33,None,18.99,None,13.66,None,10.67
1769447983.050826,None,19.67,None,17.33,None,12.66,None,55.33,None,22.34,None,46.00,None,13.33,None,23.34,None,29.33,None,18.99,None,13.66,None,10.67
1769447985.7347682,None,19.67,None,17.33,None,12.66,None,55.33,None,22.34,None,46.00,None,13.33,None,23.34,None,29.33,None,18.99,None,13.66,None,10.67
1769447985.7357392,None,19.67,None,17.33,None,12.66,None,55.33,None,22.34,None,46.00,None,13.33,None,23.34,None,29.33,None,18.99,None,13.66,None,10.67
1769447986.0355816,None,19.67,None,17.33,None,12.66,None,55.33,None,22.34,None,46.00,None,13.33,None,23.34,None,29.33,None,18.99,None,13.66,None,10.67
1769447986.036436,None,19.67,None,17.33,None,12.66,None,55.33,None,22.34,None,46.00,None,13.33,None,23.34,None,29.33,None,18.99,None,13.66,None,10.67
1769447986.300864,None,21.34,None,17.33,None,12.66,None,55.33,None,22.34,None,46.00,None,13.33,None,23.34,None,32.66,None,18.99,None,13.66,None,10.67
1769447986.3016565,None,21.34,None,17.33,None,12.66,None,55.33,None,22.34,None,46.00,None,13.33,None,23.34,None,32.66,None,18.99,None,13.66,None,10.67
1769447987.8632119,None,16.67,None,4.33,None,12.00,None,52.00,None,None,None,42.67,None,0.00,None,23.34,None,28.33,None,15.66,None,1.67,None,9.00
1769447987.8639724,None,16.67,None,4.33,None,12.00,None,52.00,None,None,None,42.67,None,0.00,None,23.34,None,28.33,None,15.66,None,1.67,None,9.00
1769447988.126621,None,16.67,None,4.33,None,12.00,None,52.00,None,None,None,46.67,None,0.00,None,23.34,None,28.33,None,15.66,None,6.00,None,9.00
1769447988.1273704,None,16.67,None,4.33,None,12.00,None,52.00,None,None,None,46.67,None,0.00,None,23.34,None,28.33,None,15.66,None,6.00,None,9.00
1769447988.3999364,None,16.67,None,4.33,None,12.00,None,55.33,None,None,None,48.34,None,0.00,None,23.34,None,32.66,None,15.66,None,6.00,None,9.00
1769447988.4009013,None,16.67,None,4.33,None,12.00,None,55.33,None,None,None,48.34,None,0.00,None,23.34,None,32.66,None,15.66,None,6.00,None,9.00
1769447988.6754212,None,18.34,None,8.66,None,12.00,None,55.33,None,None,None,48.34,None,3.33,None,23.34,None,32.66,None,15.66,None,6.00,None,9.00
1769447988.6761744,None,18.34,None,8.66,None,12.00,None,55.33,None,None,None,48.34,None,3.33,None,23.34,None,32.66,None,15.66,None,6.00,None,9.00
1769447988.9435065,None,18.34,None,17.33,None,12.00,None,55.33,None,None,None,48.34,None,3.33,None,25.01,None,35.99,None,15.66,None,6.00,None,9.00
1769447988.9442708,None,18.34,None,17.33,None,12.00,None,55.33,None,None,None,48.34,None,3.33,None,25.01,None,35.99,None,15.66,None,6.00,None,9.00
1769447989.2471118,None,18.34,None,17.33,None,12.00,None,55.33,None,None,None,48.34,None,7.66,None,25.01,None,35.99,None,18.99,None,6.00,None,9.00
1769447989.2479362,None,18.34,None,17.33,None,12.00,None,55.33,None,None,None,48.34,None,7.66,None,25.01,None,35.99,None,18.99,None,6.00,None,9.00
1769447989.5472424,None,18.34,None,17.33,None,12.00,None,55.33,None,None,None,48.34,None,7.66,None,25.01,None,44.66,None,18.99,None,6.00,None,9.00
1769447989.548251,None,18.34,None,17.33,None,12.00,None,55.33,None,None,None,48.34,None,7.66,None,25.01,None,44.66,None,18.99,None,6.00,None,9.00
1769447989.867545,None,18.34,None,17.33,None,12.00,None,55.33,None,None,None,48.34,None,7.66,None,25.01,None,44.66,None,18.99,None,6.00,None,9.00
1769447989.868369,None,18.34,None,17.33,None,12.00,None,55.33,None,None,None,48.34,None,7.66,None,25.01,None,44.66,None,18.99,None,6.00,None,9.00
1769447990.176259,None,18.34,None,17.33,None,12.00,None,55.33,None,None,None,48.34,None,7.66,None,25.01,None,44.66,None,18.99,None,6.00,None,9.00
1769447990.1771295,None,18.34,None,17.33,None,12.00,None,55.33,None,None,None,48.34,None,7.66,None,25.01,None,44.66,None,18.99,None,6.00,None,9.00
1769447990.466964,None,27.01,None,17.33,None,12.00,None,55.33,None,None,None,48.34,None,7.66,None,25.01,None,44.66,None,27.99,None,6.00,None,10.67
1769447990.4677904,None,27.01,None,17.33,None,12.00,None,55.33,None,None,None,48.34,None,7.66,None,25.01,None,44.66,None,27.99,None,6.00,None,10.67
1769447993.9635465,None,27.01,None,17.33,None,12.00,None,55.33,None,None,None,48.34,None,7.66,None,25.01,None,44.66,None,27.99,None,6.00,None,10.67
1769447993.9644012,None,27.01,None,17.33,None,12.00,None,55.33,None,None,None,48.34,None,7.66,None,25.01,None,44.66,None,27.99,None,6.00,None,10.67
1769447994.2355335,None,28.68,None,17.33,None,12.00,None,55.33,None,None,None,48.34,None,7.66,None,25.01,None,44.66,None,27.99,None,6.00,None,10.67
1769447994.2363644,None,28.68,None,17.33,None,12.00,None,55.33,None,None,None,48.34,None,7.66,None,25.01,None,44.66,None,27.99,None,6.00,None,10.67
1769447994.4774778,None,28.68,None,17.33,None,12.00,None,55.33,None,None,None,48.34,None,7.66,None,25.01,None,44.66,None,27.99,None,6.00,None,10.67
1769447994.4783568,None,28.68,None,17.33,None,12.00,None,55.33,None,None,None,48.34,None,7.66,None,25.01,None,44.66,None,27.99,None,6.00,None,10.67
1769447994.7213523,None,28.68,None,17.33,None,12.00,None,55.33,None,None,None,48.34,None,7.66,None,25.01,None,44.66,None,27.99,None,6.00,None,10.67
1769447994.7224326,None,28.68,None,17.33,None,12.00,None,55.33,None,None,None,48.34,None,7.66,None,25.01,None,44.66,None,27.99,None,6.00,None,10.67
1769447994.9618363,None,28.68,None,17.33,None,12.00,None,55.33,None,None,None,48.34,None,7.66,None,25.01,None,44.66,None,27.99,None,6.00,None,10.67
1769447994.9626937,None,28.68,None,17.33,None,12.00,None,55.33,None,None,None,48.34,None,7.66,None,25.01,None,44.66,None,27.99,None,6.00,None,10.67
1769447995.2117486,None,28.68,None,17.33,None,12.00,None,55.33,None,None,None,48.34,None,7.66,None,25.01,None,44.66,None,27.99,None,6.00,None,10.67
1769447995.212606,None,28.68,None,17.33,None,12.00,None,55.33,None,None,None,48.34,None,7.66,None,25.01,None,44.66,None,27.99,None,6.00,None,10.67
1769447998.9559424,None,28.68,None,17.33,None,8.67,None,46.66,None,None,None,43.67,None,3.33,None,14.67,None,35.99,None,21.33,None,6.00,None,10.67
1769447998.9567058,None,28.68,None,17.33,None,8.67,None,46.66,None,None,None,43.67,None,3.33,None,14.67,None,35.99,None,21.33,None,6.00,None,10.67
1769447999.1851943,None,28.68,None,17.33,None,8.67,None,46.66,None,None,None,43.67,None,3.33,None,14.67,None,35.99,None,21.33,None,6.00,None,10.67
1769447999.1859868,None,28.68,None,17.33,None,8.67,None,46.66,None,None,None,43.67,None,3.33,None,14.67,None,35.99,None,21.33,None,6.00,None,10.67
1769447999.4822242,None,28.68,None,17.33,None,8.67,None,46.66,None,None,None,43.67,None,12.33,None,16.34,None,35.99,None,21.33,None,6.00,None,10.67
1769447999.4830294,None,28.68,None,17.33,None,8.67,None,46.66,None,None,None,43.67,None,12.33,None,16.34,None,35.99,None,21.33,None,6.00,None,10.67
1769447999.710345,None,28.68,None,17.33,None,8.67,None,49.99,None,None,None,43.67,None,12.33,None,16.34,None,37.66,None,21.33,None,6.00,None,10.67
1769447999.711241,None,28.68,None,17.33,None,8.67,None,49.99,None,None,None,43.67,None,12.33,None,16.34,None,37.66,None,21.33,None,6.00,None,10.67
1769447999.9247181,None,28.68,None,17.33,None,8.67,None,49.99,None,None,None,43.67,None,12.33,None,16.34,None,37.66,None,21.33,None,6.00,None,10.67
1769447999.9255126,None,28.68,None,17.33,None,8.67,None,49.99,None,None,None,43.67,None,12.33,None,16.34,None,37.66,None,21.33,None,6.00,None,10.67
1769448003.9742656,None,28.68,None,17.33,None,8.67,None,40.99,None,None,None,31.00,None,12.33,None,16.67,None,34.32,None,18.00,None,1.67,None,10.67
1769448003.9750633,None,28.68,None,17.33,None,8.67,None,40.99,None,None,None,31.00,None,12.33,None,16.67,None,34.32,None,18.00,None,1.67,None,10.67
1769448006.7436538,None,28.68,None,17.33,None,8.67,None,40.99,None,None,None,31.00,None,12.33,None,16.67,None,34.32,None,18.00,None,1.67,None,10.67
1769448006.74455,None,28.68,None,17.33,None,8.67,None,40.99,None,None,None,31.00,None,12.33,None,16.67,None,34.32,None,18.00,None,1.67,None,10.67
1769448006.981275,None,28.68,None,17.33,None,8.67,None,40.99,None,None,None,31.00,None,12.33,None,16.67,None,34.32,None,18.00,None,1.67,None,10.67
1769448006.9820325,None,28.68,None,17.33,None,8.67,None,40.99,None,None,None,31.00,None,12.33,None,16.67,None,34.32,None,18.00,None,1.67,None,10.67
1769448007.2191637,None,28.68,None,17.33,None,8.67,None,40.99,None,None,None,31.00,None,12.33,None,16.67,None,34.32,None,18.00,None,1.67,None,10.67
1769448007.2199266,None,28.68,None,17.33,None,8.67,None,40.99,None,None,None,31.00,None,12.33,None,16.67,None,34.32,None,18.00,None,1.67,None,10.67
1769448007.5071898,None,27.01,None,None,None,8.67,None,22.99,None,None,None,29.34,None,12.33,None,6.00,None,17.66,None,13.00,None,0.00,None,1.67
1769448007.507866,None,27.01,None,None,None,8.67,None,22.99,None,None,None,29.34,None,12.33,None,6.00,None,17.66,None,13.00,None,0.00,None,1.67
1769448007.781346,None,27.01,None,None,None,8.67,None,27.32,None,None,None,29.34,None,12.33,None,6.00,None,17.66,None,13.00,None,10.67,None,10.34
1769448007.7821786,None,27.01,None,None,None,8.67,None,27.32,None,None,None,29.34,None,12.33,None,6.00,None,17.66,None,13.00,None,10.67,None,10.34
1769448008.0380456,None,27.01,None,None,None,8.67,None,35.99,None,None,None,29.34,None,12.33,None,6.00,None,17.66,None,16.33,None,10.67,None,10.34
1769448008.038715,None,27.01,None,None,None,8.67,None,35.99,None,None,None,29.34,None,12.33,None,6.00,None,17.66,None,16.33,None,10.67,None,10.34
1769448008.263117,None,27.01,None,None,None,8.67,None,35.99,None,None,None,29.34,None,12.33,None,6.00,None,17.66,None,16.33,None,10.67,None,10.34
1769448008.263832,None,27.01,None,None,None,8.67,None,35.99,None,None,None,29.34,None,12.33,None,6.00,None,17.66,None,16.33,None,10.67,None,10.34
1769448008.515961,None,27.01,None,None,None,8.67,None,35.99,None,8.67,None,42.34,None,12.33,None,10.33,None,17.66,None,16.33,None,10.67,None,13.67
1769448008.5166726,None,27.01,None,None,None,8.67,None,35.99,None,8.67,None,42.34,None,12.33,None,10.33,None,17.66,None,16.33,None,10.67,None,13.67
1769448008.7888827,None,27.01,None,None,None,8.67,None,44.99,None,8.67,None,42.34,None,12.33,None,10.33,None,17.66,None,21.33,None,10.67,None,13.67
1769448008.7898343,None,27.01,None,None,None,8.67,None,44.99,None,8.67,None,42.34,None,12.33,None,10.33,None,17.66,None,21.33,None,10.67,None,13.67
1769448009.0735176,None,27.01,None,None,None,8.67,None,44.99,None,8.67,None,42.34,None,12.33,None,10.33,None,17.66,None,21.33,None,10.67,None,13.67
1769448009.0743468,None,27.01,None,None,None,8.67,None,44.99,None,8.67,None,42.34,None,12.33,None,10.33,None,17.66,None,21.33,None,10.67,None,13.67
1769448009.3673332,None,27.01,None,None,None,8.67,None,53.99,None,8.67,None,42.34,None,12.33,None,10.33,None,17.66,None,21.33,None,10.67,None,13.67
1769448009.3680735,None,27.01,None,None,None,8.67,None,53.99,None,8.67,None,42.34,None,12.33,None,10.33,None,17.66,None,21.33,None,10.67,None,13.67
1769448024.6744099,None,18.34,None,None,None,8.67,None,35.00,None,0.00,None,19.00,None,12.33,None,6.00,None,11.66,None,8.33,None,10.67,None,8.67
1769448024.6750915,None,18.34,None,None,None,8.67,None,35.00,None,0.00,None,19.00,None,12.33,None,6.00,None,11.66,None,8.33,None,10.67,None,8.67
1769448024.9498773,None,18.34,None,None,None,8.67,None,35.00,None,0.00,None,19.00,None,12.33,None,6.00,None,11.66,None,10.00,None,10.67,None,8.67
1769448024.9505565,None,18.34,None,None,None,8.67,None,35.00,None,0.00,None,19.00,None,12.33,None,6.00,None,11.66,None,10.00,None,10.67,None,8.67
1769448026.0189838,None,18.34,None,None,None,8.67,None,43.67,None,0.00,None,23.00,None,12.33,None,6.00,None,11.66,None,10.00,None,10.67,None,8.67
1769448026.0196736,None,18.34,None,None,None,8.67,None,43.67,None,0.00,None,23.00,None,12.33,None,6.00,None,11.66,None,10.00,None,10.67,None,8.67
1769448026.2594435,None,18.34,None,None,None,8.67,None,43.67,None,0.00,None,23.00,None,12.33,None,6.00,None,11.66,None,10.00,None,10.67,None,8.67
1769448026.2601705,None,18.34,None,None,None,8.67,None,43.67,None,0.00,None,23.00,None,12.33,None,6.00,None,11.66,None,10.00,None,10.67,None,8.67
1769448026.5460749,None,18.34,None,None,None,10.34,None,43.67,None,0.00,None,23.00,None,12.33,None,6.00,None,11.66,None,10.00,None,10.67,None,13.00
1769448026.5468106,None,18.34,None,None,None,10.34,None,43.67,None,0.00,None,23.00,None,12.33,None,6.00,None,11.66,None,10.00,None,10.67,None,13.00
1769448026.822495,None,18.34,None,None,None,10.34,None,48.00,None,0.00,None,26.33,None,12.33,None,6.00,None,11.66,None,10.00,None,10.67,None,13.00
1769448026.8232193,None,18.34,None,None,None,10.34,None,48.00,None,0.00,None,26.33,None,12.33,None,6.00,None,11.66,None,10.00,None,10.67,None,13.00
1769448027.0811064,None,18.34,None,None,None,10.34,None,48.00,None,0.00,None,26.33,None,12.33,None,6.00,None,11.66,None,10.00,None,10.67,None,13.00
1769448027.081828,None,18.34,None,None,None,10.34,None,48.00,None,0.00,None,26.33,None,12.33,None,6.00,None,11.66,None,10.00,None,10.67,None,13.00
1769448027.3201869,None,18.34,None,None,None,10.34,None,48.00,None,0.00,None,26.33,None,12.33,None,6.00,None,11.66,None,10.00,None,10.67,None,13.00
1769448027.3209333,None,18.34,None,None,None,10.34,None,48.00,None,0.00,None,26.33,None,12.33,None,6.00,None,11.66,None,10.00,None,10.67,None,13.00
1769448039.6696444,None,18.34,None,4.33,None,10.34,None,48.00,None,0.00,None,26.33,None,3.33,None,13.33,None,11.66,None,13.33,None,10.67,None,13.00
1769448039.6708086,None,18.34,None,4.33,None,10.34,None,48.00,None,0.00,None,26.33,None,3.33,None,13.33,None,11.66,None,13.33,None,10.67,None,13.00
1769448045.0174918,None,18.34,None,4.33,None,10.34,None,39.00,None,0.00,None,17.66,None,3.33,None,15.00,None,11.66,None,10.99,None,10.67,None,13.00
1769448045.018228,None,18.34,None,4.33,None,10.34,None,39.00,None,0.00,None,17.66,None,3.33,None,15.00,None,11.66,None,10.99,None,10.67,None,13.00
1769448045.298742,None,23.34,None,8.66,None,10.34,None,39.00,None,0.00,None,17.66,None,12.00,None,15.00,None,11.66,None,10.99,None,10.67,None,13.00
1769448045.2994843,None,23.34,None,8.66,None,10.34,None,39.00,None,0.00,None,17.66,None,12.00,None,15.00,None,11.66,None,10.99,None,10.67,None,13.00
1769448045.5797591,None,23.34,None,8.66,None,10.34,None,39.00,None,0.00,None,17.66,None,12.00,None,15.00,None,11.66,None,14.99,None,10.67,None,13.00
1769448045.5805056,None,23.34,None,8.66,None,10.34,None,39.00,None,0.00,None,17.66,None,12.00,None,15.00,None,11.66,None,14.99,None,10.67,None,13.00
1769448045.834297,None,26.67,None,17.66,None,10.34,None,39.00,None,0.00,None,17.66,None,13.67,None,15.00,None,11.66,None,14.99,None,10.67,None,13.00
1769448045.8353755,None,26.67,None,17.66,None,10.34,None,39.00,None,0.00,None,17.66,None,13.67,None,15.00,None,11.66,None,14.99,None,10.67,None,13.00
1769448046.10867,None,26.67,None,19.33,None,10.34,None,39.00,None,0.00,None,17.66,None,13.67,None,15.00,None,11.66,None,14.99,None,10.67,None,13.00
1769448046.1096196,None,26.67,None,19.33,None,10.34,None,39.00,None,0.00,None,17.66,None,13.67,None,15.00,None,11.66,None,14.99,None,10.67,None,13.00
1769448046.37666,None,26.67,None,28.33,None,10.34,None,39.00,None,0.00,None,17.66,None,13.67,None,23.67,None,11.66,None,14.99,None,12.34,None,13.00
1769448046.3774567,None,26.67,None,28.33,None,10.34,None,39.00,None,0.00,None,17.66,None,13.67,None,23.67,None,11.66,None,14.99,None,12.34,None,13.00
1769448057.0432198,None,26.67,None,28.33,None,12.01,None,39.00,None,4.33,None,14.99,None,13.67,None,14.67,None,20.33,None,11.66,None,12.34,None,13.00
1769448057.0439513,None,26.67,None,28.33,None,12.01,None,39.00,None,4.33,None,14.99,None,13.67,None,14.67,None,20.33,None,11.66,None,12.34,None,13.00
1769448059.8800359,None,26.67,None,28.33,None,12.01,None,39.00,None,4.33,None,14.99,None,13.67,None,14.67,None,20.33,None,14.99,None,12.34,None,13.00
1769448059.8809109,None,26.67,None,28.33,None,12.01,None,39.00,None,4.33,None,14.99,None,13.67,None,14.67,None,20.33,None,14.99,None,12.34,None,13.00
1769448060.1662912,None,26.67,None,28.33,None,12.01,None,39.00,None,4.33,None,14.99,None,13.67,None,23.34,None,20.33,None,14.99,None,12.34,None,13.00
1769448060.1670387,None,26.67,None,28.33,None,12.01,None,39.00,None,4.33,None,14.99,None,13.67,None,23.34,None,20.33,None,14.99,None,12.34,None,13.00
1769448060.4395747,None,26.67,None,28.33,None,12.01,None,42.33,None,4.33,None,14.99,None,13.67,None,25.01,None,20.33,None,14.99,None,12.34,None,13.00
1769448060.440363,None,26.67,None,28.33,None,12.01,None,42.33,None,4.33,None,14.99,None,13.67,None,25.01,None,20.33,None,14.99,None,12.34,None,13.00
1769448060.7072427,None,26.67,None,28.33,None,12.01,None,46.66,None,4.33,None,16.66,None,13.67,None,25.01,None,20.33,None,18.32,None,12.34,None,13.00
1769448060.7080202,None,26.67,None,28.33,None,12.01,None,46.66,None,4.33,None,16.66,None,13.67,None,25.01,None,20.33,None,18.32,None,12.34,None,13.00
1769448060.979806,None,26.67,None,28.33,None,12.01,None,46.66,None,4.33,None,19.99,None,13.67,None,25.01,None,20.33,None,19.99,None,12.34,None,13.00
1769448060.9807994,None,26.67,None,28.33,None,12.01,None,46.66,None,4.33,None,19.99,None,13.67,None,25.01,None,20.33,None,19.99,None,12.34,None,13.00
