timestamp,2.,2.1,5.,5.1,6.,6.1,8.,8.1,9.,9.1,14.,14.1,18.,18.1,23.,23.1,25.,25.1,28.,28.1,33.,33.1,34.,34.1
1763511930.7491927,0.00,0.00,0.00,0.00,0.00,0.00,0.00,0.00,0.00,0.00,0.00,0.00,0.00,0.00,0.00,0.00,0.00,0.00,0.00,33.00,0.00,0.00,0.00,0.00
1763511930.7501702,0.00,0.00,0.00,0.00,0.00,0.00,0.00,0.00,0.00,0.00,0.00,0.00,0.00,0.00,0.00,0.00,0.00,0.00,0.00,33.00,0.00,0.00,0.00,0.00
1763511930.802769,0.00,0.00,0.00,0.00,0.00,0.00,0.00,0.00,0.00,0.00,0.00,0.00,0.00,0.00,0.00,0.00,0.00,0.00,0.00,33.00,0.00,0.00,0.00,0.00
1763511930.8035743,0.00,0.00,0.00,0.00,0.00,0.00,0.00,0.00,0.00,0.00,0.00,0.00,0.00,0.00,0.00,0.00,0.00,0.00,0.00,33.00,0.00,0.00,0.00,0.00
1763511930.855556,0.00,0.00,0.00,0.00,0.00,0.00,0.00,0.00,0.00,0.00,0.00,0.00,0.00,0.00,0.00,0.00,0.00,33.00,0.00,33.00,0.00,0.00,0.00,0.00
1763511930.8563726,0.00,0.00,0.00,0.00,0.00,0.00,0.00,0.00,0.00,0.00,0.00,0.00,0.00,0.00,0.00,0.00,0.00,33.00,0.00,33.00,0.00,0.00,0.00,0.00
1763511930.915217,0.00,0.00,0.00,0.00,0.00,0.00,0.00,0.00,0.00,0.00,0.00,0.00,0.00,0.00,0.00,0.00,0.00,33.00,0.00,33.00,0.00,0.00,0.00,0.00
1763511930.916025,0.00,0.00,0.00,0.00,0.00,0.00,0.00,0.00,0.00,0.00,0.00,0.00,0.00,0.00,0.00,0.00,0.00,33.00,0.00,33.00,0.00,0.00,0.00,0.00
1763511930.9661653,0.00,0.00,0.00,0.00,0.00,0.00,0.00,0.00,0.00,0.00,0.00,0.00,0.00,0.00,0.00,0.00,0.00,33.00,0.00,33.00,0.00,0.00,0.00,0.00
1763511930.9666238,0.00,0.00,0.00,0.00,0.00,0.00,0.00,0.00,0.00,0.00,0.00,0.00,0.00,0.00,0.00,0.00,0.00,33.00,0.00,33.00,0.00,0.00,0.00,0.00
1763511931.0175836,0.00,0.00,0.00,0.00,0.00,0.00,0.00,0.00,0.00,0.00,0.00,33.00,0.00,0.00,0.00,0.00,0.00,33.00,0.00,33.00,0.00,0.00,0.00,0.00
1763511931.0183754,0.00,0.00,0.00,0.00,0.00,0.00,0.00,0.00,0.00,0.00,0.00,33.00,0.00,0.00,0.00,0.00,0.00,33.00,0.00,33.00,0.00,0.00,0.00,0.00
1763511951.7285752,0.00,0.00,0.00,0.00,0.00,0.00,0.00,0.00,0.00,0.00,0.00,33.00,0.00,0.00,0.00,0.00,0.00,33.00,33.00,33.00,0.00,0.00,0.00,0.00
1763511951.729388,0.00,0.00,0.00,0.00,0.00,0.00,0.00,0.00,0.00,0.00,0.00,33.00,0.00,0.00,0.00,0.00,0.00,33.00,33.00,33.00,0.00,0.00,0.00,0.00
1763511951.780189,0.00,0.00,0.00,0.00,0.00,0.00,0.00,0.00,0.00,0.00,0.00,33.00,0.00,0.00,0.00,0.00,0.00,33.00,33.00,33.00,0.00,0.00,0.00,0.00
1763511951.7809565,0.00,0.00,0.00,0.00,0.00,0.00,0.00,0.00,0.00,0.00,0.00,33.00,0.00,0.00,0.00,0.00,0.00,33.00,33.00,33.00,0.00,0.00,0.00,0.00
1763511951.8321648,0.00,0.00,0.00,0.00,0.00,0.00,0.00,0.00,0.00,0.00,0.00,33.00,0.00,0.00,0.00,0.00,0.00,33.00,33.00,33.00,0.00,0.00,0.00,0.00
1763511951.8329585,0.00,0.00,0.00,0.00,0.00,0.00,0.00,0.00,0.00,0.00,0.00,33.00,0.00,0.00,0.00,0.00,0.00,33.00,33.00,33.00,0.00,0.00,0.00,0.00
1763511951.8815694,0.00,0.00,0.00,0.00,0.00,0.00,0.00,0.00,0.00,0.00,0.00,33.00,0.00,0.00,0.00,0.00,0.00,33.00,33.00,33.00,0.00,0.00,0.00,0.00
1763511951.8823307,0.00,0.00,0.00,0.00,0.00,0.00,0.00,0.00,0.00,0.00,0.00,33.00,0.00,0.00,0.00,0.00,0.00,33.00,33.00,33.00,0.00,0.00,0.00,0.00
1763511951.9330573,0.00,0.00,0.00,0.00,0.00,0.00,0.00,0.00,0.00,0.00,0.00,33.00,0.00,0.00,0.00,0.00,0.00,33.00,33.00,33.00,0.00,0.00,0.00,0.00
1763511951.9338462,0.00,0.00,0.00,0.00,0.00,0.00,0.00,0.00,0.00,0.00,0.00,33.00,0.00,0.00,0.00,0.00,0.00,33.00,33.00,33.00,0.00,0.00,0.00,0.00
1763511951.9855554,0.00,0.00,0.00,0.00,0.00,0.00,0.00,0.00,0.00,0.00,0.00,33.00,0.00,0.00,0.00,0.00,0.00,33.00,33.00,33.00,0.00,0.00,0.00,0.00
1763511951.9863548,0.00,0.00,0.00,0.00,0.00,0.00,0.00,0.00,0.00,0.00,0.00,33.00,0.00,0.00,0.00,0.00,0.00,33.00,33.00,33.00,0.00,0.00,0.00,0.00
1763511963.7400944,0.00,0.00,0.00,0.00,0.00,0.00,0.00,0.00,0.00,0.00,0.00,33.00,0.00,0.00,0.00,0.00,0.00,33.00,66.00,33.00,0.00,0.00,0.00,0.00
1763511963.7408867,0.00,0.00,0.00,0.00,0.00,0.00,0.00,0.00,0.00,0.00,0.00,33.00,0.00,0.00,0.00,0.00,0.00,33.00,66.00,33.00,0.00,0.00,0.00,0.00
1763511963.78973,0.00,0.00,0.00,0.00,0.00,0.00,0.00,0.00,0.00,0.00,0.00,33.00,0.00,0.00,0.00,0.00,0.00,33.00,66.00,33.00,0.00,0.00,0.00,0.00
1763511963.7905562,0.00,0.00,0.00,0.00,0.00,0.00,0.00,0.00,0.00,0.00,0.00,33.00,0.00,0.00,0.00,0.00,0.00,33.00,66.00,33.00,0.00,0.00,0.00,0.00
1763511963.851021,0.00,0.00,0.00,0.00,0.00,0.00,0.00,0.00,0.00,0.00,0.00,33.00,0.00,0.00,0.00,0.00,0.00,33.00,66.00,33.00,0.00,0.00,0.00,0.00
1763511963.8514917,0.00,0.00,0.00,0.00,0.00,0.00,0.00,0.00,0.00,0.00,0.00,33.00,0.00,0.00,0.00,0.00,0.00,33.00,66.00,33.00,0.00,0.00,0.00,0.00
1763511963.8931534,0.00,0.00,0.00,0.00,0.00,0.00,0.00,0.00,0.00,0.00,0.00,33.00,0.00,0.00,0.00,0.00,0.00,33.00,66.00,33.00,0.00,0.00,0.00,0.00
1763511963.8936408,0.00,0.00,0.00,0.00,0.00,0.00,0.00,0.00,0.00,0.00,0.00,33.00,0.00,0.00,0.00,0.00,0.00,33.00,66.00,33.00,0.00,0.00,0.00,0.00
1763511963.9494267,0.00,0.00,0.00,0.00,0.00,0.00,0.00,0.00,0.00,0.00,0.00,33.00,0.00,0.00,0.00,0.00,0.00,33.00,66.00,33.00,0.00,0.00,0.00,0.00
1763511963.950246,0.00,0.00,0.00,0.00,0.00,0.00,0.00,0.00,0.00,0.00,0.00,33.00,0.00,0.00,0.00,0.00,0.00,33.00,66.00,33.00,0.00,0.00,0.00,0.00
1763511964.0002124,0.00,0.00,0.00,0.00,0.00,0.00,0.00,0.00,0.00,0.00,0.00,33.00,0.00,0.00,0.00,0.00,0.00,33.00,66.00,33.00,0.00,0.00,0.00,0.00
1763511964.0010195,0.00,0.00,0.00,0.00,0.00,0.00,0.00,0.00,0.00,0.00,0.00,33.00,0.00,0.00,0.00,0.00,0.00,33.00,66.00,33.00,0.00,0.00,0.00,0.00
1763511979.7486246,0.00,0.00,0.00,0.00,0.00,0.00,0.00,0.00,0.00,0.00,0.00,33.00,0.00,0.00,0.00,0.00,33.00,33.00,66.00,33.00,0.00,0.00,0.00,0.00
1763511979.7494402,0.00,0.00,0.00,0.00,0.00,0.00,0.00,0.00,0.00,0.00,0.00,33.00,0.00,0.00,0.00,0.00,33.00,33.00,66.00,33.00,0.00,0.00,0.00,0.00
1763511979.796625,0.00,0.00,0.00,0.00,0.00,0.00,0.00,0.00,0.00,0.00,0.00,33.00,0.00,0.00,0.00,0.00,33.00,33.00,66.00,33.00,0.00,0.00,0.00,0.00
1763511979.7971354,0.00,0.00,0.00,0.00,0.00,0.00,0.00,0.00,0.00,0.00,0.00,33.00,0.00,0.00,0.00,0.00,33.00,33.00,66.00,33.00,0.00,0.00,0.00,0.00
1763511979.8485482,0.00,0.00,0.00,0.00,0.00,0.00,0.00,0.00,0.00,0.00,0.00,33.00,0.00,0.00,0.00,0.00,33.00,33.00,66.00,33.00,0.00,0.00,0.00,0.00
1763511979.8493748,0.00,0.00,0.00,0.00,0.00,0.00,0.00,0.00,0.00,0.00,0.00,33.00,0.00,0.00,0.00,0.00,33.00,33.00,66.00,33.00,0.00,0.00,0.00,0.00
1763511979.9020612,0.00,0.00,0.00,0.00,0.00,0.00,0.00,0.00,0.00,0.00,0.00,33.00,0.00,0.00,0.00,0.00,33.00,33.00,66.00,33.00,0.00,0.00,0.00,0.00
1763511979.9028633,0.00,0.00,0.00,0.00,0.00,0.00,0.00,0.00,0.00,0.00,0.00,33.00,0.00,0.00,0.00,0.00,33.00,33.00,66.00,33.00,0.00,0.00,0.00,0.00
1763511979.9563215,0.00,0.00,0.00,0.00,0.00,0.00,0.00,0.00,0.00,0.00,0.00,33.00,0.00,0.00,0.00,0.00,33.00,33.00,66.00,33.00,0.00,0.00,0.00,0.00
1763511979.9571455,0.00,0.00,0.00,0.00,0.00,0.00,0.00,0.00,0.00,0.00,0.00,33.00,0.00,0.00,0.00,0.00,33.00,33.00,66.00,33.00,0.00,0.00,0.00,0.00
1763511980.0094125,0.00,0.00,0.00,0.00,0.00,0.00,0.00,0.00,0.00,0.00,0.00,33.00,0.00,0.00,0.00,0.00,33.00,33.00,66.00,33.00,0.00,0.00,0.00,0.00
1763511980.0102272,0.00,0.00,0.00,0.00,0.00,0.00,0.00,0.00,0.00,0.00,0.00,33.00,0.00,0.00,0.00,0.00,33.00,33.00,66.00,33.00,0.00,0.00,0.00,0.00
1763511981.1922872,0.00,0.00,0.00,0.00,0.00,0.00,0.00,0.00,0.00,0.00,0.00,33.00,0.00,0.00,0.00,0.00,33.00,33.00,99.00,33.00,0.00,0.00,0.00,0.00
1763511981.1931455,0.00,0.00,0.00,0.00,0.00,0.00,0.00,0.00,0.00,0.00,0.00,33.00,0.00,0.00,0.00,0.00,33.00,33.00,99.00,33.00,0.00,0.00,0.00,0.00
1763511997.7610104,0.00,0.00,0.00,0.00,0.00,0.00,0.00,0.00,0.00,0.00,0.00,33.00,0.00,0.00,0.00,0.00,66.00,33.00,99.00,33.00,0.00,0.00,0.00,0.00
1763511997.7618809,0.00,0.00,0.00,0.00,0.00,0.00,0.00,0.00,0.00,0.00,0.00,33.00,0.00,0.00,0.00,0.00,66.00,33.00,99.00,33.00,0.00,0.00,0.00,0.00
1763511997.7975032,0.00,0.00,0.00,0.00,0.00,0.00,0.00,0.00,0.00,0.00,0.00,33.00,0.00,0.00,0.00,0.00,66.00,33.00,99.00,33.00,0.00,0.00,0.00,0.00
1763511997.7979965,0.00,0.00,0.00,0.00,0.00,0.00,0.00,0.00,0.00,0.00,0.00,33.00,0.00,0.00,0.00,0.00,66.00,33.00,99.00,33.00,0.00,0.00,0.00,0.00
1763511997.8435857,0.00,0.00,33.00,0.00,0.00,0.00,0.00,0.00,0.00,0.00,0.00,33.00,0.00,0.00,0.00,0.00,66.00,33.00,99.00,33.00,0.00,0.00,0.00,0.00
1763511997.8443277,0.00,0.00,33.00,0.00,0.00,0.00,0.00,0.00,0.00,0.00,0.00,33.00,0.00,0.00,0.00,0.00,66.00,33.00,99.00,33.00,0.00,0.00,0.00,0.00
1763511997.8832376,0.00,0.00,33.00,0.00,0.00,0.00,0.00,0.00,0.00,0.00,0.00,33.00,0.00,0.00,0.00,0.00,66.00,33.00,99.00,33.00,0.00,0.00,0.00,0.00
1763511997.8837662,0.00,0.00,33.00,0.00,0.00,0.00,0.00,0.00,0.00,0.00,0.00,33.00,0.00,0.00,0.00,0.00,66.00,33.00,99.00,33.00,0.00,0.00,0.00,0.00
1763511997.9192276,0.00,0.00,33.00,0.00,0.00,0.00,0.00,0.00,0.00,0.00,0.00,33.00,0.00,0.00,0.00,0.00,66.00,33.00,99.00,33.00,0.00,0.00,0.00,0.00
1763511997.9197187,0.00,0.00,33.00,0.00,0.00,0.00,0.00,0.00,0.00,0.00,0.00,33.00,0.00,0.00,0.00,0.00,66.00,33.00,99.00,33.00,0.00,0.00,0.00,0.00
1763511997.9528122,0.00,0.00,33.00,0.00,0.00,0.00,0.00,0.00,0.00,0.00,0.00,33.00,0.00,0.00,0.00,0.00,66.00,33.00,99.00,33.00,0.00,0.00,0.00,0.00
1763511997.9533105,0.00,0.00,33.00,0.00,0.00,0.00,0.00,0.00,0.00,0.00,0.00,33.00,0.00,0.00,0.00,0.00,66.00,33.00,99.00,33.00,0.00,0.00,0.00,0.00
1763512001.2085652,0.00,0.00,33.00,0.00,0.00,0.00,0.00,0.00,0.00,0.00,0.00,33.00,0.00,0.00,0.00,0.00,66.00,33.00,66.00,33.00,0.00,0.00,0.00,0.00
1763512001.2094193,0.00,0.00,33.00,0.00,0.00,0.00,0.00,0.00,0.00,0.00,0.00,33.00,0.00,0.00,0.00,0.00,66.00,33.00,66.00,33.00,0.00,0.00,0.00,0.00
1763512011.196545,0.00,0.00,33.00,0.00,0.00,0.00,0.00,0.00,0.00,0.00,0.00,33.00,0.00,0.00,0.00,0.00,99.00,33.00,66.00,33.00,0.00,0.00,0.00,0.00
1763512011.1970417,0.00,0.00,33.00,0.00,0.00,0.00,0.00,0.00,0.00,0.00,0.00,33.00,0.00,0.00,0.00,0.00,99.00,33.00,66.00,33.00,0.00,0.00,0.00,0.00
1763512011.2336164,0.00,0.00,33.00,0.00,0.00,0.00,0.00,0.00,0.00,0.00,33.00,33.00,0.00,0.00,0.00,0.00,99.00,33.00,66.00,33.00,0.00,0.00,0.00,0.00
1763512011.2341452,0.00,0.00,33.00,0.00,0.00,0.00,0.00,0.00,0.00,0.00,33.00,33.00,0.00,0.00,0.00,0.00,99.00,33.00,66.00,33.00,0.00,0.00,0.00,0.00
1763512015.7636523,0.00,0.00,33.00,0.00,0.00,0.00,0.00,0.00,0.00,0.00,33.00,33.00,0.00,0.00,0.00,0.00,99.00,33.00,66.00,33.00,0.00,0.00,0.00,0.00
1763512015.7641628,0.00,0.00,33.00,0.00,0.00,0.00,0.00,0.00,0.00,0.00,33.00,33.00,0.00,0.00,0.00,0.00,99.00,33.00,66.00,33.00,0.00,0.00,0.00,0.00
1763512015.8138707,0.00,0.00,33.00,0.00,0.00,0.00,0.00,0.00,0.00,0.00,33.00,33.00,0.00,0.00,33.00,0.00,99.00,33.00,66.00,33.00,0.00,0.00,0.00,0.00
1763512015.814732,0.00,0.00,33.00,0.00,0.00,0.00,0.00,0.00,0.00,0.00,33.00,33.00,0.00,0.00,33.00,0.00,99.00,33.00,66.00,33.00,0.00,0.00,0.00,0.00
1763512015.8732588,0.00,0.00,33.00,0.00,0.00,0.00,0.00,0.00,0.00,0.00,33.00,33.00,0.00,0.00,33.00,0.00,99.00,33.00,66.00,33.00,0.00,0.00,0.00,0.00
1763512015.8741407,0.00,0.00,33.00,0.00,0.00,0.00,0.00,0.00,0.00,0.00,33.00,33.00,0.00,0.00,33.00,0.00,99.00,33.00,66.00,33.00,0.00,0.00,0.00,0.00
1763512015.9907098,0.00,0.00,33.00,0.00,0.00,0.00,0.00,0.00,0.00,0.00,33.00,33.00,0.00,0.00,33.00,0.00,99.00,33.00,66.00,33.00,0.00,0.00,0.00,0.00
1763512015.9912302,0.00,0.00,33.00,0.00,0.00,0.00,0.00,0.00,0.00,0.00,33.00,33.00,0.00,0.00,33.00,0.00,99.00,33.00,66.00,33.00,0.00,0.00,0.00,0.00
1763512016.041931,0.00,0.00,33.00,0.00,0.00,0.00,0.00,0.00,0.00,0.00,33.00,33.00,0.00,0.00,33.00,0.00,99.00,33.00,66.00,33.00,0.00,0.00,0.00,0.00
1763512016.0427694,0.00,0.00,33.00,0.00,0.00,0.00,0.00,0.00,0.00,0.00,33.00,33.00,0.00,0.00,33.00,0.00,99.00,33.00,66.00,33.00,0.00,0.00,0.00,0.00
1763512016.0937157,0.00,0.00,33.00,0.00,0.00,0.00,0.00,0.00,33.00,0.00,33.00,33.00,0.00,0.00,33.00,0.00,99.00,33.00,66.00,33.00,0.00,0.00,0.00,0.00
1763512016.0946128,0.00,0.00,33.00,0.00,0.00,0.00,0.00,0.00,33.00,0.00,33.00,33.00,0.00,0.00,33.00,0.00,99.00,33.00,66.00,33.00,0.00,0.00,0.00,0.00
1763512021.2092986,0.00,0.00,33.00,0.00,0.00,0.00,33.00,0.00,33.00,0.00,33.00,33.00,0.00,0.00,33.00,0.00,99.00,33.00,66.00,33.00,0.00,0.00,0.00,0.00
1763512021.2098074,0.00,0.00,33.00,0.00,0.00,0.00,33.00,0.00,33.00,0.00,33.00,33.00,0.00,0.00,33.00,0.00,99.00,33.00,66.00,33.00,0.00,0.00,0.00,0.00
1763512034.7819207,0.00,0.00,33.00,0.00,0.00,0.00,33.00,0.00,33.00,0.00,33.00,33.00,0.00,0.00,33.00,0.00,99.00,33.00,66.00,33.00,0.00,0.00,0.00,0.00
1763512034.7827775,0.00,0.00,33.00,0.00,0.00,0.00,33.00,0.00,33.00,0.00,33.00,33.00,0.00,0.00,33.00,0.00,99.00,33.00,66.00,33.00,0.00,0.00,0.00,0.00
1763512034.8374996,0.00,0.00,33.00,0.00,0.00,0.00,33.00,0.00,33.00,0.00,33.00,33.00,0.00,0.00,33.00,0.00,99.00,33.00,66.00,33.00,0.00,0.00,0.00,0.00
1763512034.8383892,0.00,0.00,33.00,0.00,0.00,0.00,33.00,0.00,33.00,0.00,33.00,33.00,0.00,0.00,33.00,0.00,99.00,33.00,66.00,33.00,0.00,0.00,0.00,0.00
1763512034.8897855,0.00,0.00,33.00,0.00,0.00,0.00,33.00,0.00,33.00,0.00,33.00,33.00,0.00,0.00,33.00,0.00,99.00,33.00,66.00,33.00,0.00,0.00,0.00,0.00
1763512034.8906643,0.00,0.00,33.00,0.00,0.00,0.00,33.00,0.00,33.00,0.00,33.00,33.00,0.00,0.00,33.00,0.00,99.00,33.00,66.00,33.00,0.00,0.00,0.00,0.00
1763512034.943248,0.00,0.00,33.00,0.00,0.00,0.00,33.00,0.00,33.00,0.00,33.00,33.00,0.00,0.00,33.00,0.00,99.00,33.00,66.00,33.00,0.00,0.00,0.00,0.00
1763512034.9440901,0.00,0.00,33.00,0.00,0.00,0.00,33.00,0.00,33.00,0.00,33.00,33.00,0.00,0.00,33.00,0.00,99.00,33.00,66.00,33.00,0.00,0.00,0.00,0.00
1763512034.9992511,0.00,0.00,33.00,0.00,0.00,0.00,33.00,0.00,33.00,0.00,33.00,33.00,0.00,0.00,33.00,0.00,99.00,33.00,66.00,33.00,0.00,0.00,0.00,0.00
1763512035.000112,0.00,0.00,33.00,0.00,0.00,0.00,33.00,0.00,33.00,0.00,33.00,33.00,0.00,0.00,33.00,0.00,99.00,33.00,66.00,33.00,0.00,0.00,0.00,0.00
1763512035.0563293,0.00,0.00,33.00,0.00,0.00,0.00,33.00,0.00,33.00,0.00,33.00,33.00,0.00,0.00,33.00,0.00,99.00,33.00,66.00,33.00,0.00,0.00,0.00,0.00
1763512035.0571973,0.00,0.00,33.00,0.00,0.00,0.00,33.00,0.00,33.00,0.00,33.00,33.00,0.00,0.00,33.00,0.00,99.00,33.00,66.00,33.00,0.00,0.00,0.00,0.00
1763512036.230048,0.00,0.00,33.00,0.00,0.00,0.00,0.00,0.00,33.00,0.00,33.00,33.00,0.00,0.00,33.00,0.00,99.00,33.00,99.00,33.00,0.00,0.00,0.00,0.00
1763512036.2305562,0.00,0.00,33.00,0.00,0.00,0.00,0.00,0.00,33.00,0.00,33.00,33.00,0.00,0.00,33.00,0.00,99.00,33.00,99.00,33.00,0.00,0.00,0.00,0.00
1763512036.2674317,0.00,0.00,33.00,0.00,0.00,0.00,0.00,0.00,33.00,0.00,66.00,33.00,0.00,0.00,33.00,0.00,99.00,33.00,99.00,33.00,0.00,0.00,0.00,0.00
1763512036.2679255,0.00,0.00,33.00,0.00,0.00,0.00,0.00,0.00,33.00,0.00,66.00,33.00,0.00,0.00,33.00,0.00,99.00,33.00,99.00,33.00,0.00,0.00,0.00,0.00
1763512045.8005373,0.00,0.00,33.00,0.00,0.00,0.00,0.00,0.00,33.00,0.00,33.00,0.00,0.00,0.00,33.00,0.00,99.00,0.00,99.00,33.00,0.00,0.00,0.00,0.00
1763512045.8014138,0.00,0.00,33.00,0.00,0.00,0.00,0.00,0.00,33.00,0.00,33.00,0.00,0.00,0.00,33.00,0.00,99.00,0.00,99.00,33.00,0.00,0.00,0.00,0.00
1763512045.860091,0.00,0.00,33.00,0.00,0.00,0.00,0.00,0.00,33.00,0.00,33.00,0.00,0.00,0.00,33.00,0.00,99.00,0.00,99.00,33.00,0.00,0.00,0.00,0.00
1763512045.8609335,0.00,0.00,33.00,0.00,0.00,0.00,0.00,0.00,33.00,0.00,33.00,0.00,0.00,0.00,33.00,0.00,99.00,0.00,99.00,33.00,0.00,0.00,0.00,0.00
1763512045.9190454,0.00,0.00,33.00,0.00,0.00,0.00,0.00,0.00,33.00,0.00,33.00,0.00,0.00,0.00,33.00,0.00,99.00,33.00,99.00,33.00,0.00,0.00,0.00,0.00
1763512045.9199321,0.00,0.00,33.00,0.00,0.00,0.00,0.00,0.00,33.00,0.00,33.00,0.00,0.00,0.00,33.00,0.00,99.00,33.00,99.00,33.00,0.00,0.00,0.00,0.00
1763512045.979586,0.00,0.00,33.00,0.00,0.00,0.00,0.00,0.00,33.00,0.00,33.00,0.00,0.00,0.00,33.00,0.00,99.00,33.00,99.00,33.00,0.00,0.00,0.00,0.00
1763512045.9804513,0.00,0.00,33.00,0.00,0.00,0.00,0.00,0.00,33.00,0.00,33.00,0.00,0.00,0.00,33.00,0.00,99.00,33.00,99.00,33.00,0.00,0.00,0.00,0.00
1763512046.0343938,0.00,0.00,33.00,0.00,0.00,0.00,0.00,0.00,33.00,0.00,33.00,33.00,0.00,0.00,33.00,0.00,99.00,33.00,99.00,33.00,0.00,0.00,0.00,0.00
1763512046.0352397,0.00,0.00,33.00,0.00,0.00,0.00,0.00,0.00,33.00,0.00,33.00,33.00,0.00,0.00,33.00,0.00,99.00,33.00,99.00,33.00,0.00,0.00,0.00,0.00
1763512046.0949059,0.00,0.00,33.00,0.00,0.00,0.00,0.00,0.00,33.00,0.00,33.00,33.00,0.00,0.00,33.00,0.00,99.00,33.00,99.00,33.00,0.00,0.00,0.00,0.00
1763512046.095801,0.00,0.00,33.00,0.00,0.00,0.00,0.00,0.00,33.00,0.00,33.00,33.00,0.00,0.00,33.00,0.00,99.00,33.00,99.00,33.00,0.00,0.00,0.00,0.00
1763512056.258737,0.00,0.00,33.00,0.00,0.00,0.00,0.00,0.00,33.00,0.00,66.00,33.00,0.00,0.00,33.00,0.00,99.00,33.00,99.00,33.00,0.00,0.00,0.00,0.00
1763512056.2596123,0.00,0.00,33.00,0.00,0.00,0.00,0.00,0.00,33.00,0.00,66.00,33.00,0.00,0.00,33.00,0.00,99.00,33.00,99.00,33.00,0.00,0.00,0.00,0.00
1763512061.257444,0.00,0.00,33.00,0.00,0.00,0.00,0.00,0.00,33.00,0.00,66.00,33.00,0.00,0.00,33.00,0.00,99.00,33.00,66.00,33.00,0.00,0.00,0.00,0.00
1763512061.2580776,0.00,0.00,33.00,0.00,0.00,0.00,0.00,0.00,33.00,0.00,66.00,33.00,0.00,0.00,33.00,0.00,99.00,33.00,66.00,33.00,0.00,0.00,0.00,0.00
1763512073.806886,0.00,0.00,33.00,0.00,0.00,0.00,0.00,0.00,33.00,0.00,66.00,33.00,0.00,0.00,33.00,0.00,99.00,33.00,66.00,33.00,0.00,0.00,0.00,0.00
1763512073.8074183,0.00,0.00,33.00,0.00,0.00,0.00,0.00,0.00,33.00,0.00,66.00,33.00,0.00,0.00,33.00,0.00,99.00,33.00,66.00,33.00,0.00,0.00,0.00,0.00
1763512073.8474824,0.00,0.00,33.00,0.00,0.00,0.00,0.00,0.00,33.00,0.00,66.00,33.00,0.00,0.00,33.00,0.00,99.00,33.00,66.00,33.00,0.00,0.00,0.00,0.00
1763512073.8480084,0.00,0.00,33.00,0.00,0.00,0.00,0.00,0.00,33.00,0.00,66.00,33.00,0.00,0.00,33.00,0.00,99.00,33.00,66.00,33.00,0.00,0.00,0.00,0.00
1763512073.8890657,0.00,0.00,33.00,0.00,0.00,0.00,0.00,0.00,33.00,0.00,66.00,33.00,0.00,0.00,33.00,0.00,99.00,33.00,66.00,33.00,0.00,0.00,0.00,0.00
1763512073.889576,0.00,0.00,33.00,0.00,0.00,0.00,0.00,0.00,33.00,0.00,66.00,33.00,0.00,0.00,33.00,0.00,99.00,33.00,66.00,33.00,0.00,0.00,0.00,0.00
1763512073.9260578,0.00,0.00,33.00,0.00,0.00,0.00,0.00,0.00,33.00,0.00,99.00,33.00,0.00,0.00,33.00,0.00,99.00,33.00,66.00,33.00,0.00,0.00,0.00,0.00
1763512073.9266782,0.00,0.00,33.00,0.00,0.00,0.00,0.00,0.00,33.00,0.00,99.00,33.00,0.00,0.00,33.00,0.00,99.00,33.00,66.00,33.00,0.00,0.00,0.00,0.00
1763512073.9742248,0.00,0.00,33.00,0.00,0.00,0.00,0.00,0.00,33.00,0.00,99.00,33.00,0.00,0.00,33.00,0.00,99.00,33.00,66.00,33.00,0.00,0.00,0.00,0.00
1763512073.9747593,0.00,0.00,33.00,0.00,0.00,0.00,0.00,0.00,33.00,0.00,99.00,33.00,0.00,0.00,33.00,0.00,99.00,33.00,66.00,33.00,0.00,0.00,0.00,0.00
1763512074.0374997,0.00,0.00,33.00,0.00,0.00,0.00,0.00,0.00,33.00,0.00,99.00,33.00,0.00,0.00,33.00,0.00,99.00,33.00,66.00,33.00,0.00,0.00,0.00,0.00
1763512074.0383594,0.00,0.00,33.00,0.00,0.00,0.00,0.00,0.00,33.00,0.00,99.00,33.00,0.00,0.00,33.00,0.00,99.00,33.00,66.00,33.00,0.00,0.00,0.00,0.00
1763512076.2654335,0.00,0.00,33.00,0.00,0.00,0.00,0.00,0.00,33.00,0.00,99.00,33.00,0.00,0.00,33.00,0.00,99.00,33.00,99.00,33.00,0.00,0.00,0.00,0.00
1763512076.2659705,0.00,0.00,33.00,0.00,0.00,0.00,0.00,0.00,33.00,0.00,99.00,33.00,0.00,0.00,33.00,0.00,99.00,33.00,99.00,33.00,0.00,0.00,0.00,0.00
1763512076.3200023,0.00,0.00,33.00,0.00,0.00,0.00,0.00,33.00,33.00,0.00,99.00,33.00,0.00,0.00,33.00,0.00,99.00,33.00,99.00,33.00,0.00,0.00,0.00,0.00
1763512076.320887,0.00,0.00,33.00,0.00,0.00,0.00,0.00,33.00,33.00,0.00,99.00,33.00,0.00,0.00,33.00,0.00,99.00,33.00,99.00,33.00,0.00,0.00,0.00,0.00
1763512076.3533387,0.00,0.00,33.00,0.00,0.00,0.00,33.00,33.00,33.00,0.00,99.00,33.00,0.00,0.00,33.00,0.00,99.00,33.00,99.00,33.00,0.00,0.00,0.00,0.00
1763512076.3538516,0.00,0.00,33.00,0.00,0.00,0.00,33.00,33.00,33.00,0.00,99.00,33.00,0.00,0.00,33.00,0.00,99.00,33.00,99.00,33.00,0.00,0.00,0.00,0.00
1763512076.3864357,0.00,0.00,33.00,0.00,0.00,0.00,33.00,33.00,33.00,0.00,99.00,33.00,0.00,0.00,66.00,0.00,99.00,33.00,99.00,33.00,0.00,0.00,0.00,0.00
1763512076.3869982,0.00,0.00,33.00,0.00,0.00,0.00,33.00,33.00,33.00,0.00,99.00,33.00,0.00,0.00,66.00,0.00,99.00,33.00,99.00,33.00,0.00,0.00,0.00,0.00
1763512076.4211013,0.00,0.00,33.00,0.00,0.00,0.00,66.00,33.00,33.00,0.00,99.00,33.00,0.00,0.00,66.00,0.00,99.00,33.00,99.00,33.00,0.00,0.00,0.00,0.00
1763512076.4219131,0.00,0.00,33.00,0.00,0.00,0.00,66.00,33.00,33.00,0.00,99.00,33.00,0.00,0.00,66.00,0.00,99.00,33.00,99.00,33.00,0.00,0.00,0.00,0.00
1763512076.4758155,0.00,0.00,33.00,0.00,0.00,0.00,66.00,33.00,33.00,0.00,99.00,33.00,0.00,0.00,66.00,0.00,99.00,33.00,99.00,33.00,0.00,0.00,0.00,0.00
1763512076.4765148,0.00,0.00,33.00,0.00,0.00,0.00,66.00,33.00,33.00,0.00,99.00,33.00,0.00,0.00,66.00,0.00,99.00,33.00,99.00,33.00,0.00,0.00,0.00,0.00
1763512081.268104,0.00,0.00,33.00,0.00,0.00,0.00,33.00,33.00,33.00,0.00,33.00,33.00,0.00,0.00,66.00,0.00,66.00,33.00,99.00,33.00,0.00,0.00,0.00,0.00
1763512081.2686317,0.00,0.00,33.00,0.00,0.00,0.00,33.00,33.00,33.00,0.00,33.00,33.00,0.00,0.00,66.00,0.00,66.00,33.00,99.00,33.00,0.00,0.00,0.00,0.00
1763512081.3015828,0.00,0.00,33.00,0.00,0.00,0.00,33.00,33.00,33.00,0.00,33.00,33.00,0.00,0.00,66.00,0.00,99.00,33.00,99.00,33.00,0.00,0.00,0.00,0.00
1763512081.3021011,0.00,0.00,33.00,0.00,0.00,0.00,33.00,33.00,33.00,0.00,33.00,33.00,0.00,0.00,66.00,0.00,99.00,33.00,99.00,33.00,0.00,0.00,0.00,0.00
1763512086.2970495,0.00,0.00,33.00,0.00,0.00,0.00,33.00,33.00,33.00,0.00,33.00,33.00,0.00,0.00,66.00,0.00,99.00,33.00,99.00,33.00,0.00,0.00,0.00,0.00
1763512086.2979152,0.00,0.00,33.00,0.00,0.00,0.00,33.00,33.00,33.00,0.00,33.00,33.00,0.00,0.00,66.00,0.00,99.00,33.00,99.00,33.00,0.00,0.00,0.00,0.00
1763512086.3538253,0.00,0.00,33.00,0.00,0.00,0.00,33.00,33.00,33.00,0.00,66.00,33.00,0.00,0.00,66.00,0.00,99.00,33.00,99.00,33.00,0.00,0.00,0.00,0.00
1763512086.3546948,0.00,0.00,33.00,0.00,0.00,0.00,33.00,33.00,33.00,0.00,66.00,33.00,0.00,0.00,66.00,0.00,99.00,33.00,99.00,33.00,0.00,0.00,0.00,0.00
1763512086.4114282,0.00,0.00,33.00,0.00,0.00,0.00,33.00,33.00,33.00,0.00,66.00,33.00,0.00,0.00,66.00,0.00,99.00,33.00,99.00,33.00,0.00,0.00,0.00,0.00
1763512086.412317,0.00,0.00,33.00,0.00,0.00,0.00,33.00,33.00,33.00,0.00,66.00,33.00,0.00,0.00,66.00,0.00,99.00,33.00,99.00,33.00,0.00,0.00,0.00,0.00
1763512086.486576,0.00,0.00,33.00,0.00,0.00,0.00,33.00,33.00,33.00,0.00,66.00,33.00,0.00,0.00,66.00,0.00,99.00,33.00,99.00,33.00,0.00,0.00,0.00,0.00
1763512086.4876914,0.00,0.00,33.00,0.00,0.00,0.00,33.00,33.00,33.00,0.00,66.00,33.00,0.00,0.00,66.00,0.00,99.00,33.00,99.00,33.00,0.00,0.00,0.00,0.00
1763512086.5399597,0.00,0.00,33.00,0.00,0.00,0.00,33.00,33.00,33.00,0.00,66.00,33.00,0.00,0.00,66.00,0.00,99.00,33.00,99.00,33.00,0.00,0.00,0.00,0.00
1763512086.5406635,0.00,0.00,33.00,0.00,0.00,0.00,33.00,33.00,33.00,0.00,66.00,33.00,0.00,0.00,66.00,0.00,99.00,33.00,99.00,33.00,0.00,0.00,0.00,0.00
1763512091.3004503,0.00,0.00,0.00,0.00,0.00,0.00,33.00,33.00,33.00,0.00,99.00,33.00,0.00,0.00,66.00,0.00,99.00,33.00,99.00,33.00,0.00,0.00,0.00,0.00
1763512091.3013153,0.00,0.00,0.00,0.00,0.00,0.00,33.00,33.00,33.00,0.00,99.00,33.00,0.00,0.00,66.00,0.00,99.00,33.00,99.00,33.00,0.00,0.00,0.00,0.00
1763512091.5287955,0.00,0.00,0.00,0.00,0.00,0.00,66.00,33.00,33.00,0.00,99.00,33.00,0.00,0.00,66.00,0.00,99.00,33.00,99.00,33.00,0.00,0.00,0.00,0.00
1763512091.529514,0.00,0.00,0.00,0.00,0.00,0.00,66.00,33.00,33.00,0.00,99.00,33.00,0.00,0.00,66.00,0.00,99.00,33.00,99.00,33.00,0.00,0.00,0.00,0.00
1763512094.79978,0.00,0.00,0.00,0.00,0.00,0.00,33.00,0.00,33.00,0.00,99.00,33.00,0.00,0.00,66.00,0.00,33.00,33.00,66.00,33.00,0.00,0.00,0.00,0.00
1763512094.800286,0.00,0.00,0.00,0.00,0.00,0.00,33.00,0.00,33.00,0.00,99.00,33.00,0.00,0.00,66.00,0.00,33.00,33.00,66.00,33.00,0.00,0.00,0.00,0.00
1763512094.8499002,0.00,0.00,0.00,0.00,0.00,0.00,33.00,0.00,33.00,0.00,99.00,33.00,0.00,0.00,66.00,0.00,33.00,33.00,66.00,33.00,0.00,0.00,0.00,0.00
1763512094.8503976,0.00,0.00,0.00,0.00,0.00,0.00,33.00,0.00,33.00,0.00,99.00,33.00,0.00,0.00,66.00,0.00,33.00,33.00,66.00,33.00,0.00,0.00,0.00,0.00
1763512094.9096947,0.00,0.00,0.00,0.00,0.00,0.00,33.00,0.00,33.00,0.00,99.00,33.00,0.00,0.00,66.00,0.00,33.00,33.00,66.00,33.00,0.00,0.00,0.00,0.00
1763512094.9105606,0.00,0.00,0.00,0.00,0.00,0.00,33.00,0.00,33.00,0.00,99.00,33.00,0.00,0.00,66.00,0.00,33.00,33.00,66.00,33.00,0.00,0.00,0.00,0.00
1763512094.9726112,0.00,0.00,0.00,0.00,0.00,0.00,33.00,0.00,33.00,0.00,99.00,33.00,0.00,0.00,66.00,0.00,33.00,33.00,66.00,33.00,0.00,0.00,0.00,0.00
1763512094.9734788,0.00,0.00,0.00,0.00,0.00,0.00,33.00,0.00,33.00,0.00,99.00,33.00,0.00,0.00,66.00,0.00,33.00,33.00,66.00,33.00,0.00,0.00,0.00,0.00
1763512095.034926,0.00,0.00,0.00,0.00,0.00,0.00,33.00,0.00,33.00,0.00,99.00,33.00,0.00,0.00,66.00,0.00,33.00,33.00,66.00,33.00,0.00,0.00,0.00,0.00
1763512095.0357733,0.00,0.00,0.00,0.00,0.00,0.00,33.00,0.00,33.00,0.00,99.00,33.00,0.00,0.00,66.00,0.00,33.00,33.00,66.00,33.00,0.00,0.00,0.00,0.00
1763512095.0923092,0.00,0.00,0.00,0.00,0.00,0.00,33.00,0.00,33.00,0.00,99.00,33.00,0.00,0.00,66.00,0.00,33.00,33.00,66.00,33.00,0.00,0.00,0.00,0.00
1763512095.09283,0.00,0.00,0.00,0.00,0.00,0.00,33.00,0.00,33.00,0.00,99.00,33.00,0.00,0.00,66.00,0.00,33.00,33.00,66.00,33.00,0.00,0.00,0.00,0.00
1763512096.308081,0.00,0.00,0.00,0.00,0.00,0.00,33.00,0.00,33.00,0.00,99.00,33.00,0.00,0.00,66.00,0.00,0.00,33.00,66.00,33.00,0.00,0.00,0.00,0.00
1763512096.3089938,0.00,0.00,0.00,0.00,0.00,0.00,33.00,0.00,33.00,0.00,99.00,33.00,0.00,0.00,66.00,0.00,0.00,33.00,66.00,33.00,0.00,0.00,0.00,0.00
1763512096.366417,0.00,0.00,0.00,0.00,0.00,0.00,33.00,0.00,33.00,0.00,99.00,33.00,0.00,0.00,66.00,0.00,0.00,33.00,99.00,33.00,0.00,0.00,0.00,0.00
1763512096.3672912,0.00,0.00,0.00,0.00,0.00,0.00,33.00,0.00,33.00,0.00,99.00,33.00,0.00,0.00,66.00,0.00,0.00,33.00,99.00,33.00,0.00,0.00,0.00,0.00
1763512096.4232197,0.00,0.00,0.00,0.00,0.00,0.00,33.00,0.00,33.00,0.00,99.00,33.00,0.00,0.00,66.00,0.00,33.00,33.00,99.00,33.00,0.00,0.00,0.00,0.00
1763512096.4246545,0.00,0.00,0.00,0.00,0.00,0.00,33.00,0.00,33.00,0.00,99.00,33.00,0.00,0.00,66.00,0.00,33.00,33.00,99.00,33.00,0.00,0.00,0.00,0.00
1763512106.3125408,0.00,0.00,0.00,0.00,0.00,0.00,0.00,0.00,33.00,0.00,66.00,33.00,0.00,0.00,33.00,0.00,33.00,33.00,99.00,33.00,0.00,0.00,0.00,0.00
1763512106.3133972,0.00,0.00,0.00,0.00,0.00,0.00,0.00,0.00,33.00,0.00,66.00,33.00,0.00,0.00,33.00,0.00,33.00,33.00,99.00,33.00,0.00,0.00,0.00,0.00
1763512121.8210325,0.00,0.00,0.00,0.00,0.00,0.00,0.00,33.00,33.00,0.00,33.00,33.00,0.00,0.00,33.00,0.00,0.00,33.00,99.00,33.00,0.00,0.00,0.00,0.00
1763512121.821524,0.00,0.00,0.00,0.00,0.00,0.00,0.00,33.00,33.00,0.00,33.00,33.00,0.00,0.00,33.00,0.00,0.00,33.00,99.00,33.00,0.00,0.00,0.00,0.00
1763512121.859494,0.00,0.00,0.00,0.00,0.00,0.00,0.00,33.00,33.00,0.00,33.00,33.00,0.00,0.00,33.00,0.00,0.00,33.00,99.00,33.00,0.00,0.00,0.00,0.00
1763512121.8599901,0.00,0.00,0.00,0.00,0.00,0.00,0.00,33.00,33.00,0.00,33.00,33.00,0.00,0.00,33.00,0.00,0.00,33.00,99.00,33.00,0.00,0.00,0.00,0.00
1763512121.8951468,0.00,0.00,0.00,0.00,0.00,0.00,0.00,33.00,33.00,0.00,33.00,33.00,0.00,0.00,33.00,0.00,0.00,33.00,99.00,33.00,0.00,0.00,0.00,0.00
1763512121.8956318,0.00,0.00,0.00,0.00,0.00,0.00,0.00,33.00,33.00,0.00,33.00,33.00,0.00,0.00,33.00,0.00,0.00,33.00,99.00,33.00,0.00,0.00,0.00,0.00
1763512121.9335468,0.00,0.00,0.00,0.00,0.00,0.00,0.00,33.00,33.00,0.00,33.00,33.00,0.00,0.00,33.00,0.00,0.00,33.00,99.00,33.00,0.00,0.00,0.00,0.00
1763512121.934043,0.00,0.00,0.00,0.00,0.00,0.00,0.00,33.00,33.00,0.00,33.00,33.00,0.00,0.00,33.00,0.00,0.00,33.00,99.00,33.00,0.00,0.00,0.00,0.00
1763512121.9689994,0.00,0.00,0.00,0.00,0.00,0.00,0.00,33.00,33.00,0.00,33.00,33.00,0.00,0.00,33.00,0.00,0.00,33.00,99.00,33.00,0.00,0.00,0.00,0.00
1763512121.9694827,0.00,0.00,0.00,0.00,0.00,0.00,0.00,33.00,33.00,0.00,33.00,33.00,0.00,0.00,33.00,0.00,0.00,33.00,99.00,33.00,0.00,0.00,0.00,0.00
1763512122.005719,0.00,0.00,0.00,0.00,0.00,0.00,0.00,33.00,33.00,0.00,33.00,33.00,0.00,0.00,33.00,0.00,0.00,33.00,99.00,33.00,0.00,0.00,0.00,0.00
1763512122.0062318,0.00,0.00,0.00,0.00,0.00,0.00,0.00,33.00,33.00,0.00,33.00,33.00,0.00,0.00,33.00,0.00,0.00,33.00,99.00,33.00,0.00,0.00,0.00,0.00
1763512139.8233433,0.00,0.00,0.00,0.00,0.00,0.00,0.00,33.00,33.00,0.00,33.00,33.00,0.00,0.00,33.00,0.00,0.00,33.00,99.00,33.00,0.00,0.00,0.00,0.00
1763512139.823836,0.00,0.00,0.00,0.00,0.00,0.00,0.00,33.00,33.00,0.00,33.00,33.00,0.00,0.00,33.00,0.00,0.00,33.00,99.00,33.00,0.00,0.00,0.00,0.00
1763512139.870152,0.00,0.00,0.00,0.00,0.00,0.00,0.00,33.00,33.00,0.00,33.00,33.00,0.00,0.00,33.00,0.00,0.00,33.00,99.00,33.00,0.00,0.00,0.00,0.00
1763512139.8706608,0.00,0.00,0.00,0.00,0.00,0.00,0.00,33.00,33.00,0.00,33.00,33.00,0.00,0.00,33.00,0.00,0.00,33.00,99.00,33.00,0.00,0.00,0.00,0.00
1763512139.9254487,0.00,0.00,0.00,0.00,0.00,0.00,0.00,33.00,33.00,0.00,33.00,33.00,0.00,0.00,33.00,0.00,0.00,33.00,99.00,33.00,0.00,0.00,0.00,0.00
1763512139.9259772,0.00,0.00,0.00,0.00,0.00,0.00,0.00,33.00,33.00,0.00,33.00,33.00,0.00,0.00,33.00,0.00,0.00,33.00,99.00,33.00,0.00,0.00,0.00,0.00
1763512139.9645088,0.00,0.00,0.00,0.00,0.00,0.00,0.00,33.00,33.00,0.00,33.00,33.00,0.00,0.00,33.00,0.00,33.00,33.00,99.00,33.00,0.00,0.00,0.00,0.00
1763512139.965045,0.00,0.00,0.00,0.00,0.00,0.00,0.00,33.00,33.00,0.00,33.00,33.00,0.00,0.00,33.00,0.00,33.00,33.00,99.00,33.00,0.00,0.00,0.00,0.00
1763512140.008358,0.00,0.00,0.00,0.00,0.00,0.00,0.00,33.00,33.00,0.00,33.00,33.00,0.00,0.00,33.00,0.00,33.00,33.00,99.00,33.00,0.00,0.00,0.00,0.00
1763512140.0088844,0.00,0.00,0.00,0.00,0.00,0.00,0.00,33.00,33.00,0.00,33.00,33.00,0.00,0.00,33.00,0.00,33.00,33.00,99.00,33.00,0.00,0.00,0.00,0.00
1763512140.0666964,0.00,0.00,0.00,0.00,0.00,0.00,0.00,33.00,33.00,0.00,33.00,33.00,0.00,0.00,33.00,0.00,33.00,33.00,99.00,33.00,0.00,0.00,0.00,0.00
1763512140.0675416,0.00,0.00,0.00,0.00,0.00,0.00,0.00,33.00,33.00,0.00,33.00,33.00,0.00,0.00,33.00,0.00,33.00,33.00,99.00,33.00,0.00,0.00,0.00,0.00
1763512141.3348804,0.00,0.00,0.00,0.00,0.00,0.00,0.00,33.00,33.00,0.00,33.00,33.00,0.00,0.00,33.00,0.00,33.00,33.00,99.00,33.00,0.00,0.00,0.00,0.00
1763512141.3357506,0.00,0.00,0.00,0.00,0.00,0.00,0.00,33.00,33.00,0.00,33.00,33.00,0.00,0.00,33.00,0.00,33.00,33.00,99.00,33.00,0.00,0.00,0.00,0.00
1763512146.3365104,0.00,0.00,0.00,0.00,0.00,0.00,0.00,33.00,0.00,0.00,33.00,33.00,0.00,0.00,0.00,0.00,66.00,33.00,99.00,33.00,0.00,0.00,0.00,0.00
1763512146.3374035,0.00,0.00,0.00,0.00,0.00,0.00,0.00,33.00,0.00,0.00,33.00,33.00,0.00,0.00,0.00,0.00,66.00,33.00,99.00,33.00,0.00,0.00,0.00,0.00
1763512150.8621814,0.00,0.00,0.00,0.00,0.00,0.00,0.00,33.00,0.00,0.00,33.00,33.00,0.00,0.00,0.00,0.00,66.00,33.00,99.00,33.00,0.00,0.00,0.00,0.00
1763512150.8631022,0.00,0.00,0.00,0.00,0.00,0.00,0.00,33.00,0.00,0.00,33.00,33.00,0.00,0.00,0.00,0.00,66.00,33.00,99.00,33.00,0.00,0.00,0.00,0.00
1763512150.9228075,0.00,0.00,0.00,0.00,0.00,0.00,0.00,33.00,0.00,0.00,66.00,33.00,0.00,0.00,0.00,0.00,66.00,33.00,99.00,33.00,0.00,0.00,0.00,0.00
1763512150.9236727,0.00,0.00,0.00,0.00,0.00,0.00,0.00,33.00,0.00,0.00,66.00,33.00,0.00,0.00,0.00,0.00,66.00,33.00,99.00,33.00,0.00,0.00,0.00,0.00
1763512150.987918,0.00,0.00,0.00,0.00,0.00,0.00,0.00,33.00,0.00,0.00,66.00,33.00,0.00,0.00,0.00,0.00,66.00,33.00,99.00,33.00,0.00,0.00,0.00,0.00
1763512150.9888394,0.00,0.00,0.00,0.00,0.00,0.00,0.00,33.00,0.00,0.00,66.00,33.00,0.00,0.00,0.00,0.00,66.00,33.00,99.00,33.00,0.00,0.00,0.00,0.00
1763512151.0349345,0.00,0.00,0.00,0.00,0.00,0.00,0.00,33.00,0.00,0.00,66.00,33.00,0.00,0.00,0.00,0.00,66.00,33.00,99.00,33.00,0.00,0.00,0.00,0.00
1763512151.035447,0.00,0.00,0.00,0.00,0.00,0.00,0.00,33.00,0.00,0.00,66.00,33.00,0.00,0.00,0.00,0.00,66.00,33.00,99.00,33.00,0.00,0.00,0.00,0.00
1763512151.0776348,0.00,0.00,0.00,0.00,0.00,0.00,0.00,33.00,0.00,0.00,66.00,33.00,0.00,0.00,0.00,0.00,66.00,33.00,99.00,33.00,0.00,0.00,0.00,0.00
1763512151.0781653,0.00,0.00,0.00,0.00,0.00,0.00,0.00,33.00,0.00,0.00,66.00,33.00,0.00,0.00,0.00,0.00,66.00,33.00,99.00,33.00,0.00,0.00,0.00,0.00
1763512151.1379623,0.00,0.00,0.00,0.00,0.00,0.00,0.00,33.00,0.00,0.00,66.00,33.00,0.00,0.00,0.00,0.00,99.00,33.00,99.00,33.00,0.00,0.00,0.00,0.00
1763512151.1388073,0.00,0.00,0.00,0.00,0.00,0.00,0.00,33.00,0.00,0.00,66.00,33.00,0.00,0.00,0.00,0.00,99.00,33.00,99.00,33.00,0.00,0.00,0.00,0.00
1763512151.3439586,0.00,0.00,0.00,0.00,0.00,0.00,0.00,33.00,0.00,0.00,33.00,33.00,0.00,0.00,0.00,0.00,99.00,33.00,99.00,33.00,0.00,0.00,0.00,0.00
1763512151.3449008,0.00,0.00,0.00,0.00,0.00,0.00,0.00,33.00,0.00,0.00,33.00,33.00,0.00,0.00,0.00,0.00,99.00,33.00,99.00,33.00,0.00,0.00,0.00,0.00
1763512151.3886611,0.00,0.00,33.00,0.00,0.00,0.00,0.00,33.00,0.00,0.00,33.00,33.00,0.00,0.00,0.00,0.00,99.00,33.00,99.00,33.00,0.00,0.00,0.00,0.00
1763512151.389213,0.00,0.00,33.00,0.00,0.00,0.00,0.00,33.00,0.00,0.00,33.00,33.00,0.00,0.00,0.00,0.00,99.00,33.00,99.00,33.00,0.00,0.00,0.00,0.00
1763512151.4235282,0.00,0.00,33.00,0.00,0.00,0.00,0.00,33.00,0.00,0.00,33.00,33.00,0.00,0.00,0.00,0.00,99.00,33.00,99.00,33.00,0.00,0.00,0.00,0.00
1763512151.4240441,0.00,0.00,33.00,0.00,0.00,0.00,0.00,33.00,0.00,0.00,33.00,33.00,0.00,0.00,0.00,0.00,99.00,33.00,99.00,33.00,0.00,0.00,0.00,0.00
1763512161.3304253,0.00,0.00,33.00,0.00,0.00,0.00,0.00,33.00,0.00,0.00,66.00,33.00,0.00,0.00,0.00,0.00,99.00,33.00,99.00,33.00,0.00,0.00,0.00,0.00
1763512161.3309598,0.00,0.00,33.00,0.00,0.00,0.00,0.00,33.00,0.00,0.00,66.00,33.00,0.00,0.00,0.00,0.00,99.00,33.00,99.00,33.00,0.00,0.00,0.00,0.00
1763512161.3721395,0.00,0.00,33.00,0.00,0.00,0.00,0.00,33.00,0.00,0.00,66.00,33.00,0.00,0.00,0.00,0.00,99.00,33.00,99.00,33.00,0.00,0.00,0.00,0.00
1763512161.3726737,0.00,0.00,33.00,0.00,0.00,0.00,0.00,33.00,0.00,0.00,66.00,33.00,0.00,0.00,0.00,0.00,99.00,33.00,99.00,33.00,0.00,0.00,0.00,0.00
1763512166.5063949,0.00,0.00,33.00,0.00,0.00,0.00,0.00,33.00,0.00,0.00,66.00,33.00,0.00,0.00,0.00,0.00,99.00,33.00,99.00,33.00,0.00,0.00,0.00,0.00
1763512166.507502,0.00,0.00,33.00,0.00,0.00,0.00,0.00,33.00,0.00,0.00,66.00,33.00,0.00,0.00,0.00,0.00,99.00,33.00,99.00,33.00,0.00,0.00,0.00,0.00
1763512166.8729367,0.00,0.00,33.00,0.00,0.00,0.00,0.00,33.00,0.00,0.00,66.00,33.00,0.00,0.00,0.00,0.00,99.00,33.00,99.00,33.00,0.00,0.00,0.00,0.00
1763512166.8738081,0.00,0.00,33.00,0.00,0.00,0.00,0.00,33.00,0.00,0.00,66.00,33.00,0.00,0.00,0.00,0.00,99.00,33.00,99.00,33.00,0.00,0.00,0.00,0.00
1763512166.9310186,0.00,0.00,33.00,0.00,0.00,0.00,0.00,33.00,0.00,0.00,66.00,33.00,0.00,0.00,0.00,0.00,99.00,33.00,99.00,33.00,0.00,0.00,0.00,0.00
1763512166.9315343,0.00,0.00,33.00,0.00,0.00,0.00,0.00,33.00,0.00,0.00,66.00,33.00,0.00,0.00,0.00,0.00,99.00,33.00,99.00,33.00,0.00,0.00,0.00,0.00
1763512166.9798293,0.00,0.00,33.00,0.00,0.00,0.00,0.00,33.00,0.00,0.00,66.00,33.00,0.00,0.00,0.00,0.00,99.00,33.00,99.00,33.00,0.00,0.00,0.00,0.00
1763512166.980353,0.00,0.00,33.00,0.00,0.00,0.00,0.00,33.00,0.00,0.00,66.00,33.00,0.00,0.00,0.00,0.00,99.00,33.00,99.00,33.00,0.00,0.00,0.00,0.00
1763512167.0475366,0.00,0.00,33.00,0.00,0.00,0.00,0.00,33.00,0.00,0.00,66.00,33.00,0.00,0.00,0.00,0.00,99.00,33.00,99.00,33.00,0.00,0.00,0.00,0.00
1763512167.0483985,0.00,0.00,33.00,0.00,0.00,0.00,0.00,33.00,0.00,0.00,66.00,33.00,0.00,0.00,0.00,0.00,99.00,33.00,99.00,33.00,0.00,0.00,0.00,0.00
1763512167.1103184,0.00,0.00,33.00,0.00,0.00,0.00,0.00,33.00,0.00,0.00,66.00,33.00,0.00,0.00,0.00,0.00,99.00,33.00,99.00,33.00,0.00,0.00,0.00,0.00
1763512167.11122,0.00,0.00,33.00,0.00,0.00,0.00,0.00,33.00,0.00,0.00,66.00,33.00,0.00,0.00,0.00,0.00,99.00,33.00,99.00,33.00,0.00,0.00,0.00,0.00
1763512167.1584089,0.00,0.00,33.00,0.00,0.00,0.00,0.00,33.00,0.00,0.00,66.00,33.00,0.00,0.00,0.00,0.00,99.00,33.00,99.00,33.00,0.00,0.00,0.00,0.00
1763512167.1589239,0.00,0.00,33.00,0.00,0.00,0.00,0.00,33.00,0.00,0.00,66.00,33.00,0.00,0.00,0.00,0.00,99.00,33.00,99.00,33.00,0.00,0.00,0.00,0.00
1763512171.3598368,0.00,0.00,33.00,0.00,0.00,0.00,0.00,33.00,0.00,0.00,66.00,33.00,0.00,0.00,0.00,0.00,99.00,0.00,33.00,33.00,0.00,0.00,0.00,0.00
1763512171.3607054,0.00,0.00,33.00,0.00,0.00,0.00,0.00,33.00,0.00,0.00,66.00,33.00,0.00,0.00,0.00,0.00,99.00,0.00,33.00,33.00,0.00,0.00,0.00,0.00
1763512181.3518932,0.00,0.00,33.00,0.00,0.00,0.00,0.00,33.00,0.00,0.00,66.00,33.00,0.00,0.00,0.00,0.00,99.00,33.00,33.00,33.00,0.00,0.00,0.00,0.00
1763512181.3524082,0.00,0.00,33.00,0.00,0.00,0.00,0.00,33.00,0.00,0.00,66.00,33.00,0.00,0.00,0.00,0.00,99.00,33.00,33.00,33.00,0.00,0.00,0.00,0.00
1763512181.3869693,0.00,0.00,33.00,0.00,0.00,0.00,0.00,33.00,0.00,0.00,66.00,33.00,0.00,0.00,0.00,0.00,99.00,33.00,66.00,33.00,0.00,0.00,0.00,0.00
1763512181.3874695,0.00,0.00,33.00,0.00,0.00,0.00,0.00,33.00,0.00,0.00,66.00,33.00,0.00,0.00,0.00,0.00,99.00,33.00,66.00,33.00,0.00,0.00,0.00,0.00
1763512186.3683028,0.00,0.00,33.00,0.00,0.00,0.00,0.00,33.00,0.00,0.00,66.00,33.00,0.00,0.00,0.00,0.00,99.00,33.00,99.00,33.00,0.00,0.00,0.00,0.00
1763512186.3688185,0.00,0.00,33.00,0.00,0.00,0.00,0.00,33.00,0.00,0.00,66.00,33.00,0.00,0.00,0.00,0.00,99.00,33.00,99.00,33.00,0.00,0.00,0.00,0.00
1763512188.8639014,0.00,0.00,66.00,0.00,0.00,0.00,0.00,33.00,0.00,0.00,66.00,33.00,0.00,0.00,0.00,0.00,99.00,33.00,99.00,33.00,0.00,0.00,0.00,0.00
1763512188.864408,0.00,0.00,66.00,0.00,0.00,0.00,0.00,33.00,0.00,0.00,66.00,33.00,0.00,0.00,0.00,0.00,99.00,33.00,99.00,33.00,0.00,0.00,0.00,0.00
1763512188.9050157,0.00,0.00,66.00,0.00,0.00,0.00,0.00,33.00,0.00,0.00,99.00,33.00,0.00,0.00,0.00,0.00,99.00,33.00,99.00,33.00,0.00,0.00,0.00,0.00
1763512188.905519,0.00,0.00,66.00,0.00,0.00,0.00,0.00,33.00,0.00,0.00,99.00,33.00,0.00,0.00,0.00,0.00,99.00,33.00,99.00,33.00,0.00,0.00,0.00,0.00
1763512188.9491227,0.00,0.00,66.00,0.00,0.00,0.00,0.00,33.00,0.00,0.00,99.00,33.00,0.00,0.00,0.00,0.00,99.00,33.00,99.00,33.00,0.00,0.00,0.00,0.00
1763512188.949642,0.00,0.00,66.00,0.00,0.00,0.00,0.00,33.00,0.00,0.00,99.00,33.00,0.00,0.00,0.00,0.00,99.00,33.00,99.00,33.00,0.00,0.00,0.00,0.00
1763512188.9866533,0.00,0.00,66.00,0.00,0.00,0.00,0.00,33.00,0.00,0.00,99.00,33.00,0.00,0.00,0.00,0.00,99.00,33.00,99.00,33.00,0.00,0.00,0.00,0.00
1763512188.9871762,0.00,0.00,66.00,0.00,0.00,0.00,0.00,33.00,0.00,0.00,99.00,33.00,0.00,0.00,0.00,0.00,99.00,33.00,99.00,33.00,0.00,0.00,0.00,0.00
1763512189.032052,0.00,0.00,66.00,0.00,0.00,0.00,0.00,33.00,0.00,0.00,99.00,33.00,0.00,0.00,0.00,0.00,99.00,33.00,99.00,33.00,0.00,0.00,0.00,0.00
1763512189.0325654,0.00,0.00,66.00,0.00,0.00,0.00,0.00,33.00,0.00,0.00,99.00,33.00,0.00,0.00,0.00,0.00,99.00,33.00,99.00,33.00,0.00,0.00,0.00,0.00
1763512189.0738916,0.00,0.00,66.00,0.00,0.00,0.00,0.00,33.00,0.00,0.00,99.00,33.00,0.00,0.00,0.00,0.00,99.00,33.00,99.00,33.00,0.00,0.00,0.00,0.00
1763512189.0744119,0.00,0.00,66.00,0.00,0.00,0.00,0.00,33.00,0.00,0.00,99.00,33.00,0.00,0.00,0.00,0.00,99.00,33.00,99.00,33.00,0.00,0.00,0.00,0.00
1763512191.3638768,0.00,0.00,66.00,0.00,0.00,0.00,0.00,33.00,0.00,0.00,99.00,33.00,0.00,0.00,0.00,0.00,99.00,33.00,99.00,33.00,0.00,0.00,0.00,0.00
1763512191.3643844,0.00,0.00,66.00,0.00,0.00,0.00,0.00,33.00,0.00,0.00,99.00,33.00,0.00,0.00,0.00,0.00,99.00,33.00,99.00,33.00,0.00,0.00,0.00,0.00
1763512207.9003665,0.00,0.00,66.00,0.00,0.00,0.00,0.00,33.00,0.00,0.00,99.00,33.00,0.00,0.00,33.00,0.00,99.00,33.00,99.00,33.00,0.00,0.00,0.00,0.00
1763512207.901215,0.00,0.00,66.00,0.00,0.00,0.00,0.00,33.00,0.00,0.00,99.00,33.00,0.00,0.00,33.00,0.00,99.00,33.00,99.00,33.00,0.00,0.00,0.00,0.00
1763512207.9635434,0.00,0.00,66.00,0.00,0.00,0.00,0.00,33.00,0.00,0.00,99.00,33.00,0.00,0.00,33.00,0.00,99.00,33.00,99.00,33.00,0.00,0.00,0.00,0.00
1763512207.9644477,0.00,0.00,66.00,0.00,0.00,0.00,0.00,33.00,0.00,0.00,99.00,33.00,0.00,0.00,33.00,0.00,99.00,33.00,99.00,33.00,0.00,0.00,0.00,0.00
1763512208.0332766,0.00,0.00,66.00,0.00,0.00,0.00,0.00,33.00,0.00,0.00,99.00,33.00,0.00,0.00,33.00,0.00,99.00,33.00,99.00,33.00,0.00,0.00,0.00,0.00
1763512208.0341492,0.00,0.00,66.00,0.00,0.00,0.00,0.00,33.00,0.00,0.00,99.00,33.00,0.00,0.00,33.00,0.00,99.00,33.00,99.00,33.00,0.00,0.00,0.00,0.00
1763512208.101694,0.00,0.00,66.00,0.00,0.00,0.00,0.00,33.00,0.00,0.00,99.00,33.00,0.00,0.00,33.00,0.00,99.00,33.00,99.00,33.00,0.00,0.00,0.00,0.00
1763512208.102587,0.00,0.00,66.00,0.00,0.00,0.00,0.00,33.00,0.00,0.00,99.00,33.00,0.00,0.00,33.00,0.00,99.00,33.00,99.00,33.00,0.00,0.00,0.00,0.00
1763512208.167742,0.00,0.00,66.00,0.00,0.00,0.00,0.00,33.00,0.00,0.00,99.00,33.00,0.00,0.00,33.00,0.00,99.00,33.00,99.00,33.00,0.00,0.00,0.00,0.00
1763512208.1686516,0.00,0.00,66.00,0.00,0.00,0.00,0.00,33.00,0.00,0.00,99.00,33.00,0.00,0.00,33.00,0.00,99.00,33.00,99.00,33.00,0.00,0.00,0.00,0.00
1763512208.3356187,0.00,0.00,66.00,0.00,0.00,0.00,0.00,33.00,0.00,0.00,99.00,33.00,0.00,0.00,33.00,0.00,99.00,33.00,99.00,33.00,0.00,0.00,0.00,0.00
1763512208.3365166,0.00,0.00,66.00,0.00,0.00,0.00,0.00,33.00,0.00,0.00,99.00,33.00,0.00,0.00,33.00,0.00,99.00,33.00,99.00,33.00,0.00,0.00,0.00,0.00
1763512211.3998983,0.00,0.00,66.00,0.00,0.00,0.00,0.00,33.00,0.00,0.00,99.00,33.00,0.00,0.00,33.00,0.00,66.00,33.00,99.00,33.00,0.00,0.00,0.00,0.00
1763512211.4004612,0.00,0.00,66.00,0.00,0.00,0.00,0.00,33.00,0.00,0.00,99.00,33.00,0.00,0.00,33.00,0.00,66.00,33.00,99.00,33.00,0.00,0.00,0.00,0.00
1763512211.4453728,0.00,0.00,66.00,0.00,0.00,0.00,0.00,33.00,0.00,0.00,99.00,33.00,0.00,0.00,33.00,0.00,66.00,33.00,99.00,33.00,0.00,0.00,0.00,0.00
1763512211.445951,0.00,0.00,66.00,0.00,0.00,0.00,0.00,33.00,0.00,0.00,99.00,33.00,0.00,0.00,33.00,0.00,66.00,33.00,99.00,33.00,0.00,0.00,0.00,0.00
1763512211.4821825,0.00,0.00,66.00,0.00,0.00,0.00,0.00,33.00,0.00,0.00,99.00,33.00,0.00,0.00,33.00,0.00,66.00,33.00,99.00,33.00,0.00,0.00,0.00,0.00
1763512211.4828396,0.00,0.00,66.00,0.00,0.00,0.00,0.00,33.00,0.00,0.00,99.00,33.00,0.00,0.00,33.00,0.00,66.00,33.00,99.00,33.00,0.00,0.00,0.00,0.00
1763512221.414718,0.00,0.00,66.00,0.00,0.00,0.00,0.00,33.00,0.00,0.00,99.00,33.00,0.00,0.00,33.00,0.00,66.00,33.00,66.00,33.00,0.00,0.00,0.00,0.00
1763512221.415597,0.00,0.00,66.00,0.00,0.00,0.00,0.00,33.00,0.00,0.00,99.00,33.00,0.00,0.00,33.00,0.00,66.00,33.00,66.00,33.00,0.00,0.00,0.00,0.00
1763512226.4037392,0.00,0.00,33.00,0.00,0.00,0.00,0.00,33.00,0.00,0.00,66.00,33.00,0.00,0.00,33.00,0.00,66.00,33.00,0.00,33.00,0.00,0.00,0.00,0.00
1763512226.404254,0.00,0.00,33.00,0.00,0.00,0.00,0.00,33.00,0.00,0.00,66.00,33.00,0.00,0.00,33.00,0.00,66.00,33.00,0.00,33.00,0.00,0.00,0.00,0.00
1763512226.4655282,0.00,0.00,33.00,0.00,0.00,0.00,0.00,33.00,0.00,0.00,66.00,33.00,0.00,0.00,33.00,0.00,66.00,33.00,33.00,33.00,0.00,0.00,0.00,0.00
1763512226.4664106,0.00,0.00,33.00,0.00,0.00,0.00,0.00,33.00,0.00,0.00,66.00,33.00,0.00,0.00,33.00,0.00,66.00,33.00,33.00,33.00,0.00,0.00,0.00,0.00
1763512228.9146724,0.00,0.00,33.00,0.00,0.00,0.00,0.00,0.00,0.00,0.00,66.00,0.00,0.00,0.00,33.00,0.00,66.00,33.00,0.00,33.00,0.00,0.00,0.00,0.00
1763512228.9155142,0.00,0.00,33.00,0.00,0.00,0.00,0.00,0.00,0.00,0.00,66.00,0.00,0.00,0.00,33.00,0.00,66.00,33.00,0.00,33.00,0.00,0.00,0.00,0.00
1763512228.9813278,0.00,0.00,33.00,0.00,0.00,0.00,0.00,0.00,0.00,0.00,66.00,0.00,0.00,0.00,33.00,0.00,66.00,33.00,0.00,33.00,0.00,0.00,0.00,0.00
1763512228.9822118,0.00,0.00,33.00,0.00,0.00,0.00,0.00,0.00,0.00,0.00,66.00,0.00,0.00,0.00,33.00,0.00,66.00,33.00,0.00,33.00,0.00,0.00,0.00,0.00
1763512229.0311666,0.00,0.00,33.00,0.00,0.00,0.00,0.00,0.00,0.00,0.00,66.00,33.00,0.00,0.00,33.00,0.00,66.00,33.00,0.00,33.00,0.00,0.00,0.00,0.00
1763512229.031669,0.00,0.00,33.00,0.00,0.00,0.00,0.00,0.00,0.00,0.00,66.00,33.00,0.00,0.00,33.00,0.00,66.00,33.00,0.00,33.00,0.00,0.00,0.00,0.00
1763512229.0826871,0.00,0.00,33.00,0.00,0.00,0.00,0.00,0.00,0.00,0.00,66.00,33.00,0.00,0.00,33.00,0.00,66.00,33.00,0.00,33.00,0.00,0.00,0.00,0.00
1763512229.0831861,0.00,0.00,33.00,0.00,0.00,0.00,0.00,0.00,0.00,0.00,66.00,33.00,0.00,0.00,33.00,0.00,66.00,33.00,0.00,33.00,0.00,0.00,0.00,0.00
1763512229.1373577,0.00,0.00,33.00,0.00,0.00,0.00,0.00,0.00,0.00,0.00,66.00,33.00,0.00,0.00,33.00,0.00,66.00,33.00,0.00,33.00,0.00,0.00,0.00,0.00
1763512229.1378577,0.00,0.00,33.00,0.00,0.00,0.00,0.00,0.00,0.00,0.00,66.00,33.00,0.00,0.00,33.00,0.00,66.00,33.00,0.00,33.00,0.00,0.00,0.00,0.00
1763512229.1817534,0.00,0.00,33.00,0.00,0.00,0.00,0.00,0.00,0.00,0.00,66.00,33.00,0.00,0.00,33.00,0.00,66.00,33.00,0.00,33.00,0.00,0.00,0.00,0.00
1763512229.1822605,0.00,0.00,33.00,0.00,0.00,0.00,0.00,0.00,0.00,0.00,66.00,33.00,0.00,0.00,33.00,0.00,66.00,33.00,0.00,33.00,0.00,0.00,0.00,0.00
1763512246.4241138,0.00,0.00,33.00,0.00,0.00,0.00,0.00,0.00,0.00,0.00,66.00,33.00,0.00,0.00,33.00,0.00,33.00,33.00,33.00,33.00,0.00,0.00,0.00,0.00
1763512246.4246626,0.00,0.00,33.00,0.00,0.00,0.00,0.00,0.00,0.00,0.00,66.00,33.00,0.00,0.00,33.00,0.00,33.00,33.00,33.00,33.00,0.00,0.00,0.00,0.00
1763512246.921019,0.00,0.00,33.00,0.00,0.00,0.00,0.00,0.00,0.00,0.00,66.00,33.00,0.00,0.00,33.00,0.00,33.00,33.00,66.00,33.00,0.00,0.00,0.00,0.00
1763512246.92154,0.00,0.00,33.00,0.00,0.00,0.00,0.00,0.00,0.00,0.00,66.00,33.00,0.00,0.00,33.00,0.00,33.00,33.00,66.00,33.00,0.00,0.00,0.00,0.00
1763512246.9596283,0.00,0.00,33.00,0.00,0.00,0.00,0.00,0.00,0.00,0.00,66.00,33.00,0.00,0.00,33.00,0.00,33.00,33.00,66.00,33.00,0.00,0.00,0.00,0.00
1763512246.9601626,0.00,0.00,33.00,0.00,0.00,0.00,0.00,0.00,0.00,0.00,66.00,33.00,0.00,0.00,33.00,0.00,33.00,33.00,66.00,33.00,0.00,0.00,0.00,0.00
1763512247.0289192,0.00,0.00,33.00,0.00,0.00,0.00,0.00,0.00,0.00,0.00,66.00,33.00,0.00,0.00,33.00,0.00,33.00,33.00,66.00,33.00,0.00,0.00,0.00,0.00
1763512247.0298026,0.00,0.00,33.00,0.00,0.00,0.00,0.00,0.00,0.00,0.00,66.00,33.00,0.00,0.00,33.00,0.00,33.00,33.00,66.00,33.00,0.00,0.00,0.00,0.00
1763512247.0739625,0.00,0.00,33.00,0.00,0.00,0.00,0.00,0.00,0.00,0.00,66.00,33.00,0.00,0.00,33.00,0.00,33.00,33.00,66.00,33.00,0.00,0.00,0.00,0.00
1763512247.0745857,0.00,0.00,33.00,0.00,0.00,0.00,0.00,0.00,0.00,0.00,66.00,33.00,0.00,0.00,33.00,0.00,33.00,33.00,66.00,33.00,0.00,0.00,0.00,0.00
1763512247.1179676,0.00,0.00,33.00,0.00,0.00,0.00,0.00,0.00,0.00,0.00,66.00,33.00,0.00,0.00,33.00,0.00,33.00,33.00,66.00,33.00,0.00,0.00,0.00,0.00
1763512247.118757,0.00,0.00,33.00,0.00,0.00,0.00,0.00,0.00,0.00,0.00,66.00,33.00,0.00,0.00,33.00,0.00,33.00,33.00,66.00,33.00,0.00,0.00,0.00,0.00
1763512247.1586008,0.00,0.00,33.00,0.00,0.00,0.00,0.00,0.00,0.00,0.00,66.00,33.00,0.00,0.00,33.00,0.00,33.00,33.00,66.00,33.00,0.00,0.00,0.00,0.00
1763512247.159172,0.00,0.00,33.00,0.00,0.00,0.00,0.00,0.00,0.00,0.00,66.00,33.00,0.00,0.00,33.00,0.00,33.00,33.00,66.00,33.00,0.00,0.00,0.00,0.00
1763512251.48134,0.00,0.00,33.00,0.00,0.00,0.00,0.00,0.00,0.00,0.00,33.00,33.00,0.00,0.00,33.00,0.00,0.00,33.00,33.00,33.00,0.00,0.00,0.00,0.00
1763512251.4837432,0.00,0.00,33.00,0.00,0.00,0.00,0.00,0.00,0.00,0.00,33.00,33.00,0.00,0.00,33.00,0.00,0.00,33.00,33.00,33.00,0.00,0.00,0.00,0.00
1763512251.6046576,0.00,0.00,33.00,0.00,0.00,0.00,0.00,0.00,0.00,0.00,33.00,33.00,0.00,0.00,33.00,0.00,0.00,33.00,66.00,33.00,0.00,0.00,0.00,0.00
1763512251.605555,0.00,0.00,33.00,0.00,0.00,0.00,0.00,0.00,0.00,0.00,33.00,33.00,0.00,0.00,33.00,0.00,0.00,33.00,66.00,33.00,0.00,0.00,0.00,0.00
1763512265.9301565,0.00,0.00,33.00,0.00,0.00,0.00,0.00,0.00,0.00,0.00,33.00,33.00,0.00,0.00,33.00,0.00,0.00,33.00,99.00,33.00,0.00,0.00,0.00,0.00
1763512265.9310386,0.00,0.00,33.00,0.00,0.00,0.00,0.00,0.00,0.00,0.00,33.00,33.00,0.00,0.00,33.00,0.00,0.00,33.00,99.00,33.00,0.00,0.00,0.00,0.00
1763512265.9931424,0.00,0.00,33.00,0.00,0.00,0.00,0.00,0.00,0.00,0.00,33.00,33.00,0.00,0.00,33.00,0.00,33.00,33.00,99.00,33.00,0.00,0.00,0.00,0.00
1763512265.9936802,0.00,0.00,33.00,0.00,0.00,0.00,0.00,0.00,0.00,0.00,33.00,33.00,0.00,0.00,33.00,0.00,33.00,33.00,99.00,33.00,0.00,0.00,0.00,0.00
1763512266.0545094,0.00,0.00,33.00,0.00,0.00,0.00,0.00,0.00,0.00,0.00,33.00,33.00,0.00,0.00,33.00,0.00,33.00,33.00,99.00,33.00,0.00,0.00,0.00,0.00
1763512266.055373,0.00,0.00,33.00,0.00,0.00,0.00,0.00,0.00,0.00,0.00,33.00,33.00,0.00,0.00,33.00,0.00,33.00,33.00,99.00,33.00,0.00,0.00,0.00,0.00
1763512266.092945,0.00,0.00,33.00,0.00,0.00,0.00,0.00,0.00,0.00,0.00,33.00,33.00,0.00,0.00,33.00,0.00,33.00,33.00,99.00,33.00,0.00,0.00,0.00,0.00
1763512266.0934472,0.00,0.00,33.00,0.00,0.00,0.00,0.00,0.00,0.00,0.00,33.00,33.00,0.00,0.00,33.00,0.00,33.00,33.00,99.00,33.00,0.00,0.00,0.00,0.00
1763512266.1587105,0.00,0.00,33.00,0.00,0.00,0.00,0.00,0.00,0.00,0.00,33.00,33.00,0.00,0.00,33.00,0.00,33.00,33.00,99.00,33.00,0.00,0.00,0.00,0.00
1763512266.159583,0.00,0.00,33.00,0.00,0.00,0.00,0.00,0.00,0.00,0.00,33.00,33.00,0.00,0.00,33.00,0.00,33.00,33.00,99.00,33.00,0.00,0.00,0.00,0.00
1763512266.3207893,0.00,0.00,33.00,0.00,0.00,0.00,0.00,0.00,0.00,0.00,33.00,33.00,0.00,0.00,33.00,0.00,33.00,33.00,99.00,33.00,0.00,0.00,0.00,0.00
1763512266.321337,0.00,0.00,33.00,0.00,0.00,0.00,0.00,0.00,0.00,0.00,33.00,33.00,0.00,0.00,33.00,0.00,33.00,33.00,99.00,33.00,0.00,0.00,0.00,0.00
1763512266.4574668,0.00,0.00,0.00,0.00,0.00,0.00,0.00,0.00,0.00,0.00,0.00,33.00,0.00,0.00,33.00,0.00,66.00,33.00,99.00,33.00,0.00,0.00,0.00,0.00
1763512266.4584322,0.00,0.00,0.00,0.00,0.00,0.00,0.00,0.00,0.00,0.00,0.00,33.00,0.00,0.00,33.00,0.00,66.00,33.00,99.00,33.00,0.00,0.00,0.00,0.00
1763512266.520065,0.00,0.00,0.00,0.00,0.00,0.00,0.00,0.00,0.00,0.00,0.00,33.00,0.00,0.00,33.00,0.00,66.00,33.00,99.00,33.00,0.00,0.00,0.00,0.00
1763512266.5213685,0.00,0.00,0.00,0.00,0.00,0.00,0.00,0.00,0.00,0.00,0.00,33.00,0.00,0.00,33.00,0.00,66.00,33.00,99.00,33.00,0.00,0.00,0.00,0.00
1763512279.926494,0.00,0.00,0.00,0.00,0.00,0.00,0.00,0.00,0.00,0.00,0.00,33.00,0.00,0.00,33.00,0.00,66.00,33.00,99.00,33.00,0.00,0.00,0.00,0.00
1763512279.9270344,0.00,0.00,0.00,0.00,0.00,0.00,0.00,0.00,0.00,0.00,0.00,33.00,0.00,0.00,33.00,0.00,66.00,33.00,99.00,33.00,0.00,0.00,0.00,0.00
1763512279.9699357,0.00,0.00,0.00,0.00,0.00,0.00,0.00,0.00,0.00,0.00,0.00,33.00,0.00,0.00,33.00,0.00,66.00,33.00,99.00,33.00,0.00,0.00,0.00,0.00
1763512279.9704506,0.00,0.00,0.00,0.00,0.00,0.00,0.00,0.00,0.00,0.00,0.00,33.00,0.00,0.00,33.00,0.00,66.00,33.00,99.00,33.00,0.00,0.00,0.00,0.00
1763512280.0149095,0.00,0.00,0.00,0.00,0.00,0.00,0.00,0.00,0.00,0.00,0.00,33.00,0.00,0.00,33.00,0.00,66.00,33.00,99.00,33.00,0.00,0.00,0.00,0.00
1763512280.015458,0.00,0.00,0.00,0.00,0.00,0.00,0.00,0.00,0.00,0.00,0.00,33.00,0.00,0.00,33.00,0.00,66.00,33.00,99.00,33.00,0.00,0.00,0.00,0.00
1763512280.0619516,0.00,0.00,0.00,0.00,0.00,0.00,0.00,0.00,0.00,0.00,0.00,33.00,0.00,0.00,33.00,0.00,66.00,33.00,99.00,33.00,0.00,0.00,0.00,0.00
1763512280.062481,0.00,0.00,0.00,0.00,0.00,0.00,0.00,0.00,0.00,0.00,0.00,33.00,0.00,0.00,33.00,0.00,66.00,33.00,99.00,33.00,0.00,0.00,0.00,0.00
1763512280.110607,0.00,0.00,0.00,0.00,0.00,0.00,0.00,0.00,0.00,0.00,0.00,33.00,0.00,0.00,33.00,0.00,66.00,33.00,99.00,33.00,0.00,0.00,0.00,0.00
1763512280.1111557,0.00,0.00,0.00,0.00,0.00,0.00,0.00,0.00,0.00,0.00,0.00,33.00,0.00,0.00,33.00,0.00,66.00,33.00,99.00,33.00,0.00,0.00,0.00,0.00
1763512280.1584702,0.00,0.00,0.00,0.00,0.00,0.00,0.00,0.00,0.00,0.00,0.00,33.00,0.00,0.00,33.00,0.00,66.00,33.00,99.00,33.00,0.00,0.00,0.00,0.00
1763512280.1590152,0.00,0.00,0.00,0.00,0.00,0.00,0.00,0.00,0.00,0.00,0.00,33.00,0.00,0.00,33.00,0.00,66.00,33.00,99.00,33.00,0.00,0.00,0.00,0.00
1763512281.4593241,0.00,0.00,0.00,0.00,0.00,0.00,0.00,33.00,0.00,0.00,0.00,33.00,0.00,0.00,33.00,0.00,66.00,33.00,99.00,33.00,0.00,0.00,0.00,0.00
1763512281.4598577,0.00,0.00,0.00,0.00,0.00,0.00,0.00,33.00,0.00,0.00,0.00,33.00,0.00,0.00,33.00,0.00,66.00,33.00,99.00,33.00,0.00,0.00,0.00,0.00
1763512281.4953015,0.00,0.00,0.00,0.00,0.00,0.00,0.00,33.00,0.00,0.00,0.00,33.00,0.00,0.00,33.00,0.00,66.00,33.00,99.00,33.00,0.00,0.00,0.00,0.00
1763512281.4958317,0.00,0.00,0.00,0.00,0.00,0.00,0.00,33.00,0.00,0.00,0.00,33.00,0.00,0.00,33.00,0.00,66.00,33.00,99.00,33.00,0.00,0.00,0.00,0.00
1763512281.5554988,0.00,0.00,0.00,0.00,0.00,0.00,0.00,33.00,0.00,0.00,0.00,33.00,0.00,0.00,33.00,0.00,66.00,33.00,99.00,33.00,0.00,0.00,0.00,0.00
1763512281.556377,0.00,0.00,0.00,0.00,0.00,0.00,0.00,33.00,0.00,0.00,0.00,33.00,0.00,0.00,33.00,0.00,66.00,33.00,99.00,33.00,0.00,0.00,0.00,0.00
1763512291.4582114,0.00,0.00,0.00,0.00,0.00,0.00,0.00,33.00,0.00,0.00,0.00,33.00,0.00,0.00,33.00,0.00,66.00,33.00,66.00,33.00,0.00,0.00,0.00,0.00
1763512291.4587376,0.00,0.00,0.00,0.00,0.00,0.00,0.00,33.00,0.00,0.00,0.00,33.00,0.00,0.00,33.00,0.00,66.00,33.00,66.00,33.00,0.00,0.00,0.00,0.00
1763512303.9354987,0.00,0.00,0.00,0.00,0.00,0.00,0.00,33.00,0.00,0.00,0.00,33.00,0.00,0.00,33.00,0.00,33.00,33.00,99.00,33.00,0.00,0.00,0.00,0.00
1763512303.9360106,0.00,0.00,0.00,0.00,0.00,0.00,0.00,33.00,0.00,0.00,0.00,33.00,0.00,0.00,33.00,0.00,33.00,33.00,99.00,33.00,0.00,0.00,0.00,0.00
1763512303.977222,0.00,0.00,0.00,0.00,0.00,0.00,0.00,33.00,0.00,0.00,0.00,33.00,0.00,0.00,33.00,0.00,33.00,33.00,99.00,33.00,0.00,0.00,0.00,0.00
1763512303.9777293,0.00,0.00,0.00,0.00,0.00,0.00,0.00,33.00,0.00,0.00,0.00,33.00,0.00,0.00,33.00,0.00,33.00,33.00,99.00,33.00,0.00,0.00,0.00,0.00
1763512304.0395079,0.00,0.00,0.00,0.00,0.00,0.00,0.00,33.00,0.00,0.00,0.00,33.00,0.00,0.00,33.00,0.00,33.00,33.00,99.00,33.00,0.00,0.00,0.00,0.00
1763512304.0403993,0.00,0.00,0.00,0.00,0.00,0.00,0.00,33.00,0.00,0.00,0.00,33.00,0.00,0.00,33.00,0.00,33.00,33.00,99.00,33.00,0.00,0.00,0.00,0.00
1763512304.1094031,0.00,0.00,0.00,0.00,0.00,0.00,0.00,33.00,0.00,0.00,0.00,33.00,0.00,0.00,33.00,0.00,33.00,33.00,99.00,33.00,0.00,0.00,0.00,0.00
1763512304.1102815,0.00,0.00,0.00,0.00,0.00,0.00,0.00,33.00,0.00,0.00,0.00,33.00,0.00,0.00,33.00,0.00,33.00,33.00,99.00,33.00,0.00,0.00,0.00,0.00
1763512304.1749861,0.00,0.00,0.00,0.00,0.00,0.00,0.00,33.00,0.00,0.00,0.00,33.00,0.00,0.00,33.00,0.00,33.00,33.00,99.00,33.00,0.00,0.00,0.00,0.00
1763512304.1758802,0.00,0.00,0.00,0.00,0.00,0.00,0.00,33.00,0.00,0.00,0.00,33.00,0.00,0.00,33.00,0.00,33.00,33.00,99.00,33.00,0.00,0.00,0.00,0.00
1763512304.375422,0.00,0.00,0.00,0.00,0.00,0.00,0.00,33.00,0.00,0.00,0.00,33.00,0.00,0.00,33.00,0.00,33.00,33.00,99.00,33.00,0.00,0.00,0.00,0.00
1763512304.3759835,0.00,0.00,0.00,0.00,0.00,0.00,0.00,33.00,0.00,0.00,0.00,33.00,0.00,0.00,33.00,0.00,33.00,33.00,99.00,33.00,0.00,0.00,0.00,0.00
1763512316.484623,0.00,0.00,0.00,0.00,0.00,0.00,0.00,33.00,0.00,0.00,0.00,33.00,0.00,0.00,33.00,0.00,33.00,33.00,99.00,33.00,0.00,0.00,0.00,0.00
1763512316.4851596,0.00,0.00,0.00,0.00,0.00,0.00,0.00,33.00,0.00,0.00,0.00,33.00,0.00,0.00,33.00,0.00,33.00,33.00,99.00,33.00,0.00,0.00,0.00,0.00
1763512316.5253906,0.00,0.00,0.00,0.00,0.00,0.00,0.00,33.00,0.00,0.00,0.00,33.00,0.00,0.00,33.00,0.00,33.00,33.00,99.00,33.00,0.00,0.00,0.00,0.00
1763512316.5259159,0.00,0.00,0.00,0.00,0.00,0.00,0.00,33.00,0.00,0.00,0.00,33.00,0.00,0.00,33.00,0.00,33.00,33.00,99.00,33.00,0.00,0.00,0.00,0.00
1763512326.9894907,0.00,0.00,0.00,0.00,0.00,0.00,0.00,33.00,0.00,0.00,0.00,33.00,0.00,0.00,0.00,0.00,66.00,33.00,99.00,33.00,0.00,0.00,0.00,0.00
1763512326.9900098,0.00,0.00,0.00,0.00,0.00,0.00,0.00,33.00,0.00,0.00,0.00,33.00,0.00,0.00,0.00,0.00,66.00,33.00,99.00,33.00,0.00,0.00,0.00,0.00
1763512327.032397,0.00,0.00,0.00,0.00,0.00,0.00,0.00,33.00,0.00,0.00,0.00,33.00,0.00,0.00,0.00,0.00,66.00,33.00,99.00,33.00,0.00,0.00,0.00,0.00
1763512327.032917,0.00,0.00,0.00,0.00,0.00,0.00,0.00,33.00,0.00,0.00,0.00,33.00,0.00,0.00,0.00,0.00,66.00,33.00,99.00,33.00,0.00,0.00,0.00,0.00
1763512327.100749,0.00,0.00,0.00,0.00,0.00,0.00,0.00,33.00,0.00,0.00,0.00,33.00,0.00,0.00,0.00,0.00,66.00,33.00,99.00,33.00,0.00,0.00,0.00,0.00
1763512327.101293,0.00,0.00,0.00,0.00,0.00,0.00,0.00,33.00,0.00,0.00,0.00,33.00,0.00,0.00,0.00,0.00,66.00,33.00,99.00,33.00,0.00,0.00,0.00,0.00
1763512327.1469893,0.00,0.00,0.00,0.00,0.00,0.00,0.00,33.00,0.00,0.00,0.00,33.00,0.00,0.00,0.00,0.00,66.00,33.00,99.00,33.00,0.00,0.00,0.00,0.00
1763512327.147516,0.00,0.00,0.00,0.00,0.00,0.00,0.00,33.00,0.00,0.00,0.00,33.00,0.00,0.00,0.00,0.00,66.00,33.00,99.00,33.00,0.00,0.00,0.00,0.00
1763512327.1911626,0.00,0.00,0.00,0.00,0.00,0.00,0.00,33.00,0.00,0.00,0.00,33.00,0.00,0.00,0.00,0.00,66.00,33.00,99.00,33.00,0.00,0.00,0.00,0.00
1763512327.1916857,0.00,0.00,0.00,0.00,0.00,0.00,0.00,33.00,0.00,0.00,0.00,33.00,0.00,0.00,0.00,0.00,66.00,33.00,99.00,33.00,0.00,0.00,0.00,0.00
1763512327.2345722,0.00,0.00,0.00,0.00,0.00,0.00,0.00,33.00,0.00,0.00,0.00,33.00,0.00,0.00,0.00,0.00,66.00,33.00,99.00,33.00,0.00,0.00,0.00,0.00
1763512327.23509,0.00,0.00,0.00,0.00,0.00,0.00,0.00,33.00,0.00,0.00,0.00,33.00,0.00,0.00,0.00,0.00,66.00,33.00,99.00,33.00,0.00,0.00,0.00,0.00
1763512331.5063736,0.00,0.00,0.00,0.00,0.00,0.00,0.00,33.00,0.00,0.00,0.00,33.00,0.00,0.00,0.00,0.00,66.00,33.00,99.00,33.00,0.00,0.00,0.00,0.00
1763512331.5069087,0.00,0.00,0.00,0.00,0.00,0.00,0.00,33.00,0.00,0.00,0.00,33.00,0.00,0.00,0.00,0.00,66.00,33.00,99.00,33.00,0.00,0.00,0.00,0.00
1763512331.5678692,0.00,0.00,0.00,0.00,0.00,0.00,0.00,33.00,0.00,0.00,0.00,33.00,0.00,0.00,0.00,0.00,99.00,33.00,99.00,33.00,0.00,0.00,0.00,0.00
1763512331.5687366,0.00,0.00,0.00,0.00,0.00,0.00,0.00,33.00,0.00,0.00,0.00,33.00,0.00,0.00,0.00,0.00,99.00,33.00,99.00,33.00,0.00,0.00,0.00,0.00
1763512331.6289248,0.00,0.00,0.00,0.00,0.00,0.00,0.00,33.00,0.00,0.00,0.00,33.00,0.00,0.00,0.00,0.00,99.00,33.00,99.00,33.00,0.00,0.00,0.00,0.00
1763512331.6297786,0.00,0.00,0.00,0.00,0.00,0.00,0.00,33.00,0.00,0.00,0.00,33.00,0.00,0.00,0.00,0.00,99.00,33.00,99.00,33.00,0.00,0.00,0.00,0.00
1763512331.7032447,0.00,0.00,0.00,0.00,0.00,0.00,0.00,33.00,0.00,0.00,0.00,33.00,0.00,0.00,0.00,0.00,99.00,33.00,99.00,33.00,0.00,0.00,0.00,0.00
1763512331.704358,0.00,0.00,0.00,0.00,0.00,0.00,0.00,33.00,0.00,0.00,0.00,33.00,0.00,0.00,0.00,0.00,99.00,33.00,99.00,33.00,0.00,0.00,0.00,0.00
1763512336.526972,0.00,0.00,0.00,0.00,0.00,0.00,0.00,33.00,0.00,0.00,0.00,33.00,0.00,0.00,0.00,0.00,99.00,33.00,99.00,33.00,0.00,0.00,0.00,0.00
1763512336.527871,0.00,0.00,0.00,0.00,0.00,0.00,0.00,33.00,0.00,0.00,0.00,33.00,0.00,0.00,0.00,0.00,99.00,33.00,99.00,33.00,0.00,0.00,0.00,0.00
1763512336.590363,0.00,0.00,0.00,0.00,0.00,0.00,0.00,33.00,0.00,0.00,0.00,33.00,0.00,0.00,0.00,0.00,99.00,33.00,99.00,33.00,0.00,0.00,0.00,0.00
1763512336.591295,0.00,0.00,0.00,0.00,0.00,0.00,0.00,33.00,0.00,0.00,0.00,33.00,0.00,0.00,0.00,0.00,99.00,33.00,99.00,33.00,0.00,0.00,0.00,0.00
1763512341.001337,0.00,0.00,0.00,0.00,0.00,0.00,0.00,33.00,0.00,0.00,0.00,33.00,0.00,0.00,0.00,0.00,99.00,33.00,99.00,33.00,0.00,0.00,0.00,0.00
1763512341.0022695,0.00,0.00,0.00,0.00,0.00,0.00,0.00,33.00,0.00,0.00,0.00,33.00,0.00,0.00,0.00,0.00,99.00,33.00,99.00,33.00,0.00,0.00,0.00,0.00
1763512341.0699394,0.00,0.00,0.00,0.00,0.00,0.00,0.00,33.00,0.00,0.00,0.00,33.00,0.00,0.00,0.00,0.00,99.00,33.00,99.00,33.00,0.00,0.00,0.00,0.00
1763512341.0708284,0.00,0.00,0.00,0.00,0.00,0.00,0.00,33.00,0.00,0.00,0.00,33.00,0.00,0.00,0.00,0.00,99.00,33.00,99.00,33.00,0.00,0.00,0.00,0.00
1763512341.1371489,0.00,0.00,0.00,0.00,0.00,0.00,0.00,33.00,0.00,0.00,0.00,33.00,0.00,0.00,0.00,0.00,99.00,33.00,99.00,33.00,0.00,0.00,0.00,0.00
1763512341.138077,0.00,0.00,0.00,0.00,0.00,0.00,0.00,33.00,0.00,0.00,0.00,33.00,0.00,0.00,0.00,0.00,99.00,33.00,99.00,33.00,0.00,0.00,0.00,0.00
1763512341.3473501,0.00,0.00,0.00,0.00,0.00,0.00,0.00,33.00,0.00,0.00,0.00,33.00,0.00,0.00,0.00,0.00,99.00,33.00,99.00,33.00,0.00,0.00,0.00,0.00
1763512341.3479512,0.00,0.00,0.00,0.00,0.00,0.00,0.00,33.00,0.00,0.00,0.00,33.00,0.00,0.00,0.00,0.00,99.00,33.00,99.00,33.00,0.00,0.00,0.00,0.00
1763512341.4163568,0.00,0.00,0.00,0.00,0.00,0.00,0.00,33.00,0.00,0.00,0.00,33.00,0.00,0.00,0.00,0.00,99.00,33.00,99.00,33.00,0.00,0.00,0.00,0.00
1763512341.4172525,0.00,0.00,0.00,0.00,0.00,0.00,0.00,33.00,0.00,0.00,0.00,33.00,0.00,0.00,0.00,0.00,99.00,33.00,99.00,33.00,0.00,0.00,0.00,0.00
1763512341.4896283,0.00,0.00,0.00,0.00,0.00,0.00,0.00,33.00,0.00,0.00,0.00,33.00,0.00,0.00,0.00,0.00,99.00,33.00,99.00,33.00,0.00,0.00,0.00,0.00
1763512341.49053,0.00,0.00,0.00,0.00,0.00,0.00,0.00,33.00,0.00,0.00,0.00,33.00,0.00,0.00,0.00,0.00,99.00,33.00,99.00,33.00,0.00,0.00,0.00,0.00
1763512341.5538495,0.00,0.00,0.00,0.00,0.00,0.00,0.00,33.00,0.00,0.00,0.00,33.00,0.00,0.00,0.00,0.00,99.00,33.00,99.00,33.00,0.00,0.00,0.00,0.00
1763512341.5547366,0.00,0.00,0.00,0.00,0.00,0.00,0.00,33.00,0.00,0.00,0.00,33.00,0.00,0.00,0.00,0.00,99.00,33.00,99.00,33.00,0.00,0.00,0.00,0.00
1763512346.5594635,0.00,0.00,0.00,0.00,0.00,0.00,0.00,33.00,0.00,0.00,33.00,33.00,0.00,0.00,0.00,0.00,99.00,33.00,99.00,33.00,0.00,0.00,0.00,0.00
1763512346.5603266,0.00,0.00,0.00,0.00,0.00,0.00,0.00,33.00,0.00,0.00,33.00,33.00,0.00,0.00,0.00,0.00,99.00,33.00,99.00,33.00,0.00,0.00,0.00,0.00
1763512354.9852386,0.00,0.00,0.00,0.00,0.00,0.00,0.00,33.00,0.00,0.00,33.00,0.00,0.00,0.00,0.00,0.00,66.00,33.00,99.00,33.00,0.00,0.00,0.00,0.00
1763512354.9857562,0.00,0.00,0.00,0.00,0.00,0.00,0.00,33.00,0.00,0.00,33.00,0.00,0.00,0.00,0.00,0.00,66.00,33.00,99.00,33.00,0.00,0.00,0.00,0.00
1763512355.0436685,0.00,0.00,0.00,0.00,0.00,0.00,0.00,33.00,0.00,0.00,33.00,0.00,0.00,0.00,0.00,0.00,66.00,33.00,99.00,33.00,0.00,0.00,0.00,0.00
1763512355.0441854,0.00,0.00,0.00,0.00,0.00,0.00,0.00,33.00,0.00,0.00,33.00,0.00,0.00,0.00,0.00,0.00,66.00,33.00,99.00,33.00,0.00,0.00,0.00,0.00
1763512355.0964851,0.00,0.00,0.00,0.00,0.00,0.00,0.00,33.00,0.00,0.00,33.00,33.00,0.00,0.00,0.00,0.00,66.00,33.00,99.00,33.00,0.00,0.00,0.00,0.00
1763512355.0969913,0.00,0.00,0.00,0.00,0.00,0.00,0.00,33.00,0.00,0.00,33.00,33.00,0.00,0.00,0.00,0.00,66.00,33.00,99.00,33.00,0.00,0.00,0.00,0.00
1763512355.145818,0.00,0.00,0.00,0.00,0.00,0.00,0.00,33.00,0.00,0.00,33.00,33.00,0.00,0.00,0.00,0.00,66.00,33.00,99.00,33.00,0.00,0.00,0.00,0.00
1763512355.1463377,0.00,0.00,0.00,0.00,0.00,0.00,0.00,33.00,0.00,0.00,33.00,33.00,0.00,0.00,0.00,0.00,66.00,33.00,99.00,33.00,0.00,0.00,0.00,0.00
1763512355.2006946,0.00,0.00,0.00,0.00,0.00,0.00,0.00,33.00,0.00,0.00,33.00,33.00,0.00,0.00,0.00,0.00,66.00,33.00,99.00,33.00,0.00,0.00,0.00,0.00
1763512355.2012188,0.00,0.00,0.00,0.00,0.00,0.00,0.00,33.00,0.00,0.00,33.00,33.00,0.00,0.00,0.00,0.00,66.00,33.00,99.00,33.00,0.00,0.00,0.00,0.00
1763512355.2448468,0.00,0.00,0.00,0.00,0.00,0.00,0.00,33.00,0.00,0.00,66.00,33.00,0.00,0.00,0.00,0.00,66.00,33.00,99.00,33.00,0.00,0.00,0.00,0.00
1763512355.2453973,0.00,0.00,0.00,0.00,0.00,0.00,0.00,33.00,0.00,0.00,66.00,33.00,0.00,0.00,0.00,0.00,66.00,33.00,99.00,33.00,0.00,0.00,0.00,0.00
1763512356.5557313,0.00,0.00,0.00,0.00,0.00,0.00,0.00,33.00,0.00,0.00,66.00,33.00,0.00,0.00,0.00,0.00,99.00,33.00,99.00,33.00,0.00,0.00,0.00,0.00
1763512356.5562792,0.00,0.00,0.00,0.00,0.00,0.00,0.00,33.00,0.00,0.00,66.00,33.00,0.00,0.00,0.00,0.00,99.00,33.00,99.00,33.00,0.00,0.00,0.00,0.00
1763512356.617166,0.00,0.00,0.00,0.00,0.00,0.00,0.00,33.00,0.00,0.00,66.00,33.00,0.00,0.00,0.00,0.00,99.00,33.00,99.00,33.00,0.00,0.00,0.00,0.00
1763512356.6180205,0.00,0.00,0.00,0.00,0.00,0.00,0.00,33.00,0.00,0.00,66.00,33.00,0.00,0.00,0.00,0.00,99.00,33.00,99.00,33.00,0.00,0.00,0.00,0.00
1763512356.6935277,0.00,0.00,0.00,0.00,0.00,0.00,0.00,33.00,0.00,0.00,66.00,33.00,0.00,0.00,0.00,0.00,99.00,33.00,99.00,33.00,0.00,0.00,0.00,0.00
1763512356.694744,0.00,0.00,0.00,0.00,0.00,0.00,0.00,33.00,0.00,0.00,66.00,33.00,0.00,0.00,0.00,0.00,99.00,33.00,99.00,33.00,0.00,0.00,0.00,0.00
1763512380.012261,0.00,0.00,0.00,0.00,0.00,0.00,0.00,33.00,0.00,0.00,66.00,33.00,0.00,0.00,0.00,0.00,99.00,33.00,99.00,33.00,0.00,0.00,0.00,0.00
1763512380.012799,0.00,0.00,0.00,0.00,0.00,0.00,0.00,33.00,0.00,0.00,66.00,33.00,0.00,0.00,0.00,0.00,99.00,33.00,99.00,33.00,0.00,0.00,0.00,0.00
1763512380.0724967,0.00,0.00,0.00,0.00,0.00,0.00,0.00,33.00,0.00,0.00,66.00,33.00,0.00,0.00,0.00,0.00,99.00,33.00,99.00,33.00,0.00,0.00,0.00,0.00
1763512380.0730312,0.00,0.00,0.00,0.00,0.00,0.00,0.00,33.00,0.00,0.00,66.00,33.00,0.00,0.00,0.00,0.00,99.00,33.00,99.00,33.00,0.00,0.00,0.00,0.00
1763512380.13154,0.00,0.00,0.00,0.00,0.00,0.00,0.00,33.00,0.00,0.00,66.00,33.00,0.00,0.00,0.00,0.00,99.00,33.00,99.00,33.00,0.00,0.00,0.00,0.00
1763512380.1321752,0.00,0.00,0.00,0.00,0.00,0.00,0.00,33.00,0.00,0.00,66.00,33.00,0.00,0.00,0.00,0.00,99.00,33.00,99.00,33.00,0.00,0.00,0.00,0.00
1763512380.1880443,0.00,0.00,0.00,0.00,0.00,0.00,0.00,33.00,0.00,0.00,66.00,33.00,0.00,0.00,33.00,0.00,99.00,33.00,99.00,33.00,0.00,0.00,0.00,0.00
1763512380.1885664,0.00,0.00,0.00,0.00,0.00,0.00,0.00,33.00,0.00,0.00,66.00,33.00,0.00,0.00,33.00,0.00,99.00,33.00,99.00,33.00,0.00,0.00,0.00,0.00
1763512380.3239632,0.00,0.00,0.00,0.00,0.00,0.00,0.00,33.00,0.00,0.00,66.00,33.00,0.00,0.00,33.00,0.00,99.00,33.00,99.00,33.00,0.00,0.00,0.00,0.00
1763512380.3244932,0.00,0.00,0.00,0.00,0.00,0.00,0.00,33.00,0.00,0.00,66.00,33.00,0.00,0.00,33.00,0.00,99.00,33.00,99.00,33.00,0.00,0.00,0.00,0.00
1763512380.4050486,0.00,0.00,0.00,0.00,0.00,0.00,0.00,33.00,0.00,0.00,66.00,33.00,0.00,0.00,33.00,0.00,99.00,33.00,99.00,33.00,0.00,0.00,0.00,0.00
1763512380.4059725,0.00,0.00,0.00,0.00,0.00,0.00,0.00,33.00,0.00,0.00,66.00,33.00,0.00,0.00,33.00,0.00,99.00,33.00,99.00,33.00,0.00,0.00,0.00,0.00
1763512381.592491,0.00,0.00,0.00,0.00,0.00,0.00,0.00,33.00,0.00,0.00,66.00,33.00,0.00,0.00,33.00,0.00,99.00,33.00,99.00,33.00,0.00,0.00,0.00,0.00
1763512381.5933888,0.00,0.00,0.00,0.00,0.00,0.00,0.00,33.00,0.00,0.00,66.00,33.00,0.00,0.00,33.00,0.00,99.00,33.00,99.00,33.00,0.00,0.00,0.00,0.00
1763512381.6558695,0.00,0.00,0.00,0.00,0.00,0.00,0.00,33.00,0.00,0.00,66.00,33.00,0.00,0.00,66.00,0.00,99.00,33.00,99.00,33.00,0.00,0.00,0.00,0.00
1763512381.6567714,0.00,0.00,0.00,0.00,0.00,0.00,0.00,33.00,0.00,0.00,66.00,33.00,0.00,0.00,66.00,0.00,99.00,33.00,99.00,33.00,0.00,0.00,0.00,0.00
1763512386.5712287,0.00,0.00,0.00,0.00,0.00,0.00,0.00,0.00,0.00,0.00,33.00,33.00,0.00,0.00,66.00,0.00,33.00,33.00,66.00,33.00,0.00,0.00,0.00,0.00
1763512386.5717409,0.00,0.00,0.00,0.00,0.00,0.00,0.00,0.00,0.00,0.00,33.00,33.00,0.00,0.00,66.00,0.00,33.00,33.00,66.00,33.00,0.00,0.00,0.00,0.00
1763512391.5838058,0.00,0.00,0.00,0.00,0.00,0.00,0.00,0.00,0.00,0.00,33.00,33.00,0.00,0.00,66.00,0.00,0.00,33.00,99.00,33.00,0.00,0.00,0.00,0.00
1763512391.58475,0.00,0.00,0.00,0.00,0.00,0.00,0.00,0.00,0.00,0.00,33.00,33.00,0.00,0.00,66.00,0.00,0.00,33.00,99.00,33.00,0.00,0.00,0.00,0.00
1763512398.0376,0.00,0.00,0.00,0.00,0.00,0.00,0.00,33.00,0.00,0.00,33.00,33.00,0.00,0.00,66.00,0.00,0.00,33.00,99.00,33.00,0.00,0.00,0.00,0.00
1763512398.0385103,0.00,0.00,0.00,0.00,0.00,0.00,0.00,33.00,0.00,0.00,33.00,33.00,0.00,0.00,66.00,0.00,0.00,33.00,99.00,33.00,0.00,0.00,0.00,0.00
1763512398.0887167,0.00,0.00,0.00,0.00,0.00,0.00,0.00,33.00,0.00,0.00,33.00,33.00,0.00,0.00,66.00,0.00,0.00,33.00,99.00,33.00,0.00,0.00,0.00,0.00
1763512398.0893345,0.00,0.00,0.00,0.00,0.00,0.00,0.00,33.00,0.00,0.00,33.00,33.00,0.00,0.00,66.00,0.00,0.00,33.00,99.00,33.00,0.00,0.00,0.00,0.00
1763512398.1353128,0.00,0.00,0.00,0.00,0.00,0.00,0.00,33.00,0.00,0.00,33.00,33.00,0.00,0.00,66.00,0.00,0.00,33.00,99.00,33.00,0.00,0.00,0.00,0.00
1763512398.135892,0.00,0.00,0.00,0.00,0.00,0.00,0.00,33.00,0.00,0.00,33.00,33.00,0.00,0.00,66.00,0.00,0.00,33.00,99.00,33.00,0.00,0.00,0.00,0.00
1763512398.1810315,0.00,0.00,0.00,0.00,0.00,0.00,0.00,33.00,0.00,0.00,33.00,33.00,0.00,0.00,66.00,0.00,33.00,33.00,99.00,33.00,0.00,0.00,0.00,0.00
1763512398.1815765,0.00,0.00,0.00,0.00,0.00,0.00,0.00,33.00,0.00,0.00,33.00,33.00,0.00,0.00,66.00,0.00,33.00,33.00,99.00,33.00,0.00,0.00,0.00,0.00
1763512398.2429621,0.00,0.00,0.00,0.00,0.00,0.00,0.00,33.00,0.00,0.00,66.00,33.00,0.00,0.00,66.00,0.00,33.00,33.00,99.00,33.00,0.00,0.00,0.00,0.00
1763512398.2435083,0.00,0.00,0.00,0.00,0.00,0.00,0.00,33.00,0.00,0.00,66.00,33.00,0.00,0.00,66.00,0.00,33.00,33.00,99.00,33.00,0.00,0.00,0.00,0.00
1763512398.2953746,0.00,0.00,0.00,0.00,0.00,0.00,0.00,33.00,0.00,0.00,66.00,33.00,0.00,0.00,66.00,0.00,33.00,33.00,99.00,33.00,0.00,0.00,0.00,0.00
1763512398.2959328,0.00,0.00,0.00,0.00,0.00,0.00,0.00,33.00,0.00,0.00,66.00,33.00,0.00,0.00,66.00,0.00,33.00,33.00,99.00,33.00,0.00,0.00,0.00,0.00
1763512401.6038265,0.00,0.00,0.00,0.00,0.00,0.00,0.00,33.00,0.00,0.00,66.00,33.00,0.00,0.00,33.00,0.00,33.00,33.00,33.00,33.00,0.00,0.00,0.00,0.00
1763512401.6043513,0.00,0.00,0.00,0.00,0.00,0.00,0.00,33.00,0.00,0.00,66.00,33.00,0.00,0.00,33.00,0.00,33.00,33.00,33.00,33.00,0.00,0.00,0.00,0.00
1763512412.06348,0.00,0.00,0.00,0.00,0.00,0.00,0.00,33.00,0.00,0.00,66.00,33.00,0.00,0.00,33.00,0.00,33.00,33.00,66.00,33.00,0.00,0.00,0.00,0.00
1763512412.06436,0.00,0.00,0.00,0.00,0.00,0.00,0.00,33.00,0.00,0.00,66.00,33.00,0.00,0.00,33.00,0.00,33.00,33.00,66.00,33.00,0.00,0.00,0.00,0.00
1763512412.1051688,0.00,0.00,0.00,0.00,0.00,0.00,0.00,33.00,0.00,0.00,66.00,33.00,0.00,0.00,33.00,0.00,33.00,33.00,66.00,33.00,0.00,0.00,0.00,0.00
1763512412.1056697,0.00,0.00,0.00,0.00,0.00,0.00,0.00,33.00,0.00,0.00,66.00,33.00,0.00,0.00,33.00,0.00,33.00,33.00,66.00,33.00,0.00,0.00,0.00,0.00
1763512412.159114,0.00,0.00,0.00,0.00,0.00,0.00,0.00,33.00,0.00,0.00,66.00,33.00,0.00,0.00,33.00,0.00,33.00,33.00,66.00,33.00,0.00,0.00,0.00,0.00
1763512412.1596537,0.00,0.00,0.00,0.00,0.00,0.00,0.00,33.00,0.00,0.00,66.00,33.00,0.00,0.00,33.00,0.00,33.00,33.00,66.00,33.00,0.00,0.00,0.00,0.00
1763512412.2058456,0.00,0.00,0.00,0.00,0.00,0.00,0.00,33.00,0.00,0.00,66.00,33.00,0.00,0.00,33.00,0.00,33.00,33.00,66.00,33.00,0.00,0.00,0.00,0.00
1763512412.2064245,0.00,0.00,0.00,0.00,0.00,0.00,0.00,33.00,0.00,0.00,66.00,33.00,0.00,0.00,33.00,0.00,33.00,33.00,66.00,33.00,0.00,0.00,0.00,0.00
1763512412.3601308,0.00,0.00,0.00,0.00,0.00,0.00,0.00,33.00,0.00,0.00,66.00,33.00,0.00,0.00,33.00,0.00,33.00,33.00,66.00,33.00,0.00,0.00,0.00,0.00
1763512412.3606744,0.00,0.00,0.00,0.00,0.00,0.00,0.00,33.00,0.00,0.00,66.00,33.00,0.00,0.00,33.00,0.00,33.00,33.00,66.00,33.00,0.00,0.00,0.00,0.00
1763512412.4315171,0.00,0.00,0.00,0.00,0.00,0.00,0.00,33.00,0.00,0.00,66.00,33.00,0.00,0.00,33.00,0.00,33.00,33.00,66.00,33.00,0.00,0.00,0.00,0.00
1763512412.4324386,0.00,0.00,0.00,0.00,0.00,0.00,0.00,33.00,0.00,0.00,66.00,33.00,0.00,0.00,33.00,0.00,33.00,33.00,66.00,33.00,0.00,0.00,0.00,0.00
1763512421.638391,0.00,0.00,0.00,0.00,0.00,0.00,0.00,33.00,0.00,0.00,66.00,33.00,0.00,0.00,33.00,0.00,33.00,33.00,66.00,33.00,0.00,0.00,0.00,0.00
1763512421.6392832,0.00,0.00,0.00,0.00,0.00,0.00,0.00,33.00,0.00,0.00,66.00,33.00,0.00,0.00,33.00,0.00,33.00,33.00,66.00,33.00,0.00,0.00,0.00,0.00
1763512435.0599864,0.00,0.00,0.00,0.00,0.00,0.00,0.00,33.00,0.00,0.00,66.00,33.00,0.00,0.00,33.00,0.00,33.00,33.00,66.00,33.00,0.00,0.00,0.00,0.00
1763512435.0617785,0.00,0.00,0.00,0.00,0.00,0.00,0.00,33.00,0.00,0.00,66.00,33.00,0.00,0.00,33.00,0.00,33.00,33.00,66.00,33.00,0.00,0.00,0.00,0.00
1763512435.1304162,0.00,0.00,0.00,0.00,0.00,0.00,0.00,33.00,0.00,0.00,66.00,33.00,0.00,0.00,33.00,0.00,33.00,33.00,66.00,33.00,0.00,0.00,0.00,0.00
1763512435.1313288,0.00,0.00,0.00,0.00,0.00,0.00,0.00,33.00,0.00,0.00,66.00,33.00,0.00,0.00,33.00,0.00,33.00,33.00,66.00,33.00,0.00,0.00,0.00,0.00
1763512435.2062888,0.00,0.00,0.00,0.00,0.00,0.00,0.00,33.00,0.00,0.00,66.00,33.00,0.00,0.00,33.00,0.00,33.00,33.00,66.00,33.00,0.00,0.00,0.00,0.00
1763512435.2071884,0.00,0.00,0.00,0.00,0.00,0.00,0.00,33.00,0.00,0.00,66.00,33.00,0.00,0.00,33.00,0.00,33.00,33.00,66.00,33.00,0.00,0.00,0.00,0.00
1763512435.2721527,0.00,0.00,0.00,0.00,0.00,0.00,0.00,33.00,0.00,0.00,66.00,33.00,0.00,0.00,33.00,0.00,33.00,33.00,66.00,33.00,0.00,0.00,0.00,0.00
1763512435.273052,0.00,0.00,0.00,0.00,0.00,0.00,0.00,33.00,0.00,0.00,66.00,33.00,0.00,0.00,33.00,0.00,33.00,33.00,66.00,33.00,0.00,0.00,0.00,0.00
1763512435.3472989,0.00,0.00,0.00,0.00,0.00,0.00,0.00,33.00,0.00,0.00,66.00,33.00,0.00,0.00,33.00,0.00,33.00,33.00,66.00,33.00,0.00,0.00,0.00,0.00
1763512435.3478382,0.00,0.00,0.00,0.00,0.00,0.00,0.00,33.00,0.00,0.00,66.00,33.00,0.00,0.00,33.00,0.00,33.00,33.00,66.00,33.00,0.00,0.00,0.00,0.00
1763512435.3940003,0.00,0.00,0.00,0.00,0.00,0.00,0.00,33.00,0.00,0.00,66.00,33.00,0.00,0.00,33.00,0.00,33.00,33.00,66.00,33.00,0.00,0.00,0.00,0.00
1763512435.394544,0.00,0.00,0.00,0.00,0.00,0.00,0.00,33.00,0.00,0.00,66.00,33.00,0.00,0.00,33.00,0.00,33.00,33.00,66.00,33.00,0.00,0.00,0.00,0.00
1763512448.0678494,0.00,0.00,0.00,0.00,0.00,0.00,0.00,33.00,0.00,0.00,66.00,33.00,0.00,0.00,33.00,0.00,66.00,33.00,66.00,33.00,0.00,0.00,0.00,0.00
1763512448.0687335,0.00,0.00,0.00,0.00,0.00,0.00,0.00,33.00,0.00,0.00,66.00,33.00,0.00,0.00,33.00,0.00,66.00,33.00,66.00,33.00,0.00,0.00,0.00,0.00
1763512448.141487,0.00,0.00,0.00,0.00,0.00,0.00,0.00,33.00,0.00,0.00,66.00,33.00,0.00,0.00,33.00,0.00,66.00,33.00,66.00,33.00,0.00,0.00,0.00,0.00
1763512448.1423666,0.00,0.00,0.00,0.00,0.00,0.00,0.00,33.00,0.00,0.00,66.00,33.00,0.00,0.00,33.00,0.00,66.00,33.00,66.00,33.00,0.00,0.00,0.00,0.00
1763512448.2163467,0.00,0.00,0.00,0.00,0.00,0.00,0.00,33.00,0.00,0.00,66.00,33.00,0.00,0.00,33.00,0.00,66.00,33.00,66.00,33.00,0.00,0.00,0.00,0.00
1763512448.2172709,0.00,0.00,0.00,0.00,0.00,0.00,0.00,33.00,0.00,0.00,66.00,33.00,0.00,0.00,33.00,0.00,66.00,33.00,66.00,33.00,0.00,0.00,0.00,0.00
1763512448.2846768,0.00,0.00,0.00,0.00,0.00,0.00,0.00,33.00,33.00,0.00,66.00,33.00,0.00,0.00,33.00,0.00,66.00,33.00,66.00,33.00,0.00,0.00,0.00,0.00
1763512448.2855735,0.00,0.00,0.00,0.00,0.00,0.00,0.00,33.00,33.00,0.00,66.00,33.00,0.00,0.00,33.00,0.00,66.00,33.00,66.00,33.00,0.00,0.00,0.00,0.00
1763512448.3655899,0.00,0.00,0.00,0.00,0.00,0.00,0.00,33.00,33.00,0.00,66.00,33.00,0.00,0.00,33.00,0.00,66.00,33.00,66.00,33.00,0.00,0.00,0.00,0.00
1763512448.366494,0.00,0.00,0.00,0.00,0.00,0.00,0.00,33.00,33.00,0.00,66.00,33.00,0.00,0.00,33.00,0.00,66.00,33.00,66.00,33.00,0.00,0.00,0.00,0.00
1763512448.5948265,0.00,0.00,0.00,0.00,0.00,0.00,0.00,33.00,33.00,0.00,66.00,33.00,0.00,0.00,33.00,0.00,66.00,33.00,66.00,33.00,0.00,0.00,0.00,0.00
1763512448.595733,0.00,0.00,0.00,0.00,0.00,0.00,0.00,33.00,33.00,0.00,66.00,33.00,0.00,0.00,33.00,0.00,66.00,33.00,66.00,33.00,0.00,0.00,0.00,0.00
1763512456.642081,0.00,0.00,0.00,0.00,0.00,0.00,0.00,33.00,33.00,0.00,66.00,33.00,0.00,0.00,33.00,0.00,66.00,33.00,66.00,33.00,0.00,0.00,0.00,0.00
1763512456.6426241,0.00,0.00,0.00,0.00,0.00,0.00,0.00,33.00,33.00,0.00,66.00,33.00,0.00,0.00,33.00,0.00,66.00,33.00,66.00,33.00,0.00,0.00,0.00,0.00
1763512461.6800854,0.00,0.00,0.00,0.00,0.00,0.00,0.00,33.00,33.00,0.00,33.00,0.00,0.00,0.00,0.00,0.00,66.00,0.00,66.00,33.00,0.00,0.00,0.00,0.00
1763512461.680976,0.00,0.00,0.00,0.00,0.00,0.00,0.00,33.00,33.00,0.00,33.00,0.00,0.00,0.00,0.00,0.00,66.00,0.00,66.00,33.00,0.00,0.00,0.00,0.00
1763512466.6604457,0.00,0.00,0.00,0.00,0.00,0.00,0.00,33.00,33.00,0.00,33.00,0.00,0.00,0.00,0.00,0.00,66.00,33.00,66.00,33.00,0.00,0.00,0.00,0.00
1763512466.6609967,0.00,0.00,0.00,0.00,0.00,0.00,0.00,33.00,33.00,0.00,33.00,0.00,0.00,0.00,0.00,0.00,66.00,33.00,66.00,33.00,0.00,0.00,0.00,0.00
1763512470.0870771,0.00,0.00,0.00,0.00,0.00,0.00,0.00,33.00,33.00,0.00,33.00,0.00,0.00,0.00,0.00,0.00,66.00,33.00,99.00,33.00,0.00,0.00,0.00,0.00
1763512470.0880172,0.00,0.00,0.00,0.00,0.00,0.00,0.00,33.00,33.00,0.00,33.00,0.00,0.00,0.00,0.00,0.00,66.00,33.00,99.00,33.00,0.00,0.00,0.00,0.00
1763512470.1657462,0.00,0.00,0.00,0.00,0.00,0.00,0.00,33.00,33.00,0.00,33.00,33.00,0.00,0.00,0.00,0.00,66.00,33.00,99.00,33.00,0.00,0.00,0.00,0.00
1763512470.1666505,0.00,0.00,0.00,0.00,0.00,0.00,0.00,33.00,33.00,0.00,33.00,33.00,0.00,0.00,0.00,0.00,66.00,33.00,99.00,33.00,0.00,0.00,0.00,0.00
1763512470.2395809,0.00,0.00,0.00,0.00,0.00,0.00,0.00,33.00,33.00,0.00,33.00,33.00,0.00,0.00,0.00,0.00,66.00,33.00,99.00,33.00,0.00,0.00,0.00,0.00
1763512470.2404687,0.00,0.00,0.00,0.00,0.00,0.00,0.00,33.00,33.00,0.00,33.00,33.00,0.00,0.00,0.00,0.00,66.00,33.00,99.00,33.00,0.00,0.00,0.00,0.00
1763512470.3149042,0.00,0.00,0.00,0.00,0.00,0.00,0.00,33.00,33.00,0.00,33.00,33.00,0.00,0.00,0.00,0.00,66.00,33.00,99.00,33.00,0.00,0.00,0.00,0.00
1763512470.3157732,0.00,0.00,0.00,0.00,0.00,0.00,0.00,33.00,33.00,0.00,33.00,33.00,0.00,0.00,0.00,0.00,66.00,33.00,99.00,33.00,0.00,0.00,0.00,0.00
1763512470.3858666,0.00,0.00,0.00,0.00,0.00,0.00,0.00,33.00,33.00,0.00,33.00,33.00,0.00,0.00,0.00,0.00,99.00,33.00,99.00,33.00,0.00,0.00,0.00,0.00
1763512470.3867702,0.00,0.00,0.00,0.00,0.00,0.00,0.00,33.00,33.00,0.00,33.00,33.00,0.00,0.00,0.00,0.00,99.00,33.00,99.00,33.00,0.00,0.00,0.00,0.00
1763512470.476273,0.00,0.00,0.00,0.00,0.00,0.00,0.00,33.00,33.00,0.00,33.00,33.00,0.00,0.00,0.00,0.00,99.00,33.00,99.00,33.00,0.00,0.00,0.00,0.00
1763512470.477205,0.00,0.00,0.00,0.00,0.00,0.00,0.00,33.00,33.00,0.00,33.00,33.00,0.00,0.00,0.00,0.00,99.00,33.00,99.00,33.00,0.00,0.00,0.00,0.00
1763512481.695589,0.00,0.00,0.00,0.00,0.00,0.00,0.00,33.00,33.00,0.00,33.00,33.00,0.00,0.00,0.00,0.00,99.00,33.00,99.00,33.00,0.00,0.00,0.00,0.00
1763512481.6965094,0.00,0.00,0.00,0.00,0.00,0.00,0.00,33.00,33.00,0.00,33.00,33.00,0.00,0.00,0.00,0.00,99.00,33.00,99.00,33.00,0.00,0.00,0.00,0.00
1763512481.762097,0.00,0.00,0.00,0.00,0.00,0.00,0.00,33.00,33.00,0.00,33.00,33.00,0.00,0.00,0.00,0.00,99.00,33.00,99.00,33.00,0.00,0.00,0.00,0.00
1763512481.7629988,0.00,0.00,0.00,0.00,0.00,0.00,0.00,33.00,33.00,0.00,33.00,33.00,0.00,0.00,0.00,0.00,99.00,33.00,99.00,33.00,0.00,0.00,0.00,0.00
1763512485.0767984,0.00,0.00,0.00,0.00,0.00,0.00,0.00,33.00,33.00,0.00,33.00,33.00,0.00,0.00,0.00,0.00,99.00,33.00,99.00,33.00,0.00,0.00,0.00,0.00
1763512485.0773444,0.00,0.00,0.00,0.00,0.00,0.00,0.00,33.00,33.00,0.00,33.00,33.00,0.00,0.00,0.00,0.00,99.00,33.00,99.00,33.00,0.00,0.00,0.00,0.00
1763512485.142889,0.00,0.00,0.00,0.00,0.00,0.00,0.00,33.00,33.00,0.00,33.00,33.00,0.00,0.00,0.00,0.00,99.00,33.00,99.00,33.00,0.00,0.00,0.00,0.00
1763512485.1434171,0.00,0.00,0.00,0.00,0.00,0.00,0.00,33.00,33.00,0.00,33.00,33.00,0.00,0.00,0.00,0.00,99.00,33.00,99.00,33.00,0.00,0.00,0.00,0.00
1763512485.2108717,0.00,0.00,0.00,0.00,0.00,0.00,0.00,33.00,33.00,0.00,33.00,33.00,0.00,0.00,33.00,0.00,99.00,33.00,99.00,33.00,0.00,0.00,0.00,0.00
1763512485.2117965,0.00,0.00,0.00,0.00,0.00,0.00,0.00,33.00,33.00,0.00,33.00,33.00,0.00,0.00,33.00,0.00,99.00,33.00,99.00,33.00,0.00,0.00,0.00,0.00
1763512485.4703915,0.00,0.00,0.00,0.00,0.00,0.00,0.00,33.00,33.00,0.00,33.00,33.00,0.00,0.00,33.00,0.00,99.00,33.00,99.00,33.00,0.00,0.00,0.00,0.00
1763512485.4713776,0.00,0.00,0.00,0.00,0.00,0.00,0.00,33.00,33.00,0.00,33.00,33.00,0.00,0.00,33.00,0.00,99.00,33.00,99.00,33.00,0.00,0.00,0.00,0.00
1763512485.5621214,0.00,0.00,0.00,0.00,0.00,0.00,0.00,33.00,33.00,0.00,33.00,33.00,0.00,0.00,33.00,0.00,99.00,33.00,99.00,33.00,0.00,0.00,0.00,0.00
1763512485.563064,0.00,0.00,0.00,0.00,0.00,0.00,0.00,33.00,33.00,0.00,33.00,33.00,0.00,0.00,33.00,0.00,99.00,33.00,99.00,33.00,0.00,0.00,0.00,0.00
1763512485.6495194,0.00,0.00,0.00,0.00,0.00,0.00,0.00,33.00,33.00,0.00,33.00,33.00,0.00,0.00,33.00,0.00,99.00,33.00,99.00,33.00,0.00,0.00,0.00,0.00
1763512485.6504238,0.00,0.00,0.00,0.00,0.00,0.00,0.00,33.00,33.00,0.00,33.00,33.00,0.00,0.00,33.00,0.00,99.00,33.00,99.00,33.00,0.00,0.00,0.00,0.00
1763512486.706321,0.00,0.00,0.00,0.00,0.00,0.00,0.00,33.00,33.00,0.00,33.00,33.00,0.00,0.00,33.00,0.00,99.00,33.00,99.00,33.00,0.00,0.00,0.00,0.00
1763512486.7072423,0.00,0.00,0.00,0.00,0.00,0.00,0.00,33.00,33.00,0.00,33.00,33.00,0.00,0.00,33.00,0.00,99.00,33.00,99.00,33.00,0.00,0.00,0.00,0.00
1763512486.792161,0.00,0.00,0.00,0.00,0.00,0.00,0.00,33.00,33.00,0.00,33.00,33.00,0.00,0.00,33.00,0.00,99.00,33.00,99.00,33.00,0.00,0.00,0.00,0.00
1763512486.7930672,0.00,0.00,0.00,0.00,0.00,0.00,0.00,33.00,33.00,0.00,33.00,33.00,0.00,0.00,33.00,0.00,99.00,33.00,99.00,33.00,0.00,0.00,0.00,0.00
1763512496.6888716,0.00,0.00,0.00,0.00,0.00,0.00,0.00,33.00,33.00,0.00,33.00,33.00,0.00,0.00,33.00,0.00,99.00,33.00,99.00,33.00,0.00,0.00,0.00,0.00
1763512496.6897118,0.00,0.00,0.00,0.00,0.00,0.00,0.00,33.00,33.00,0.00,33.00,33.00,0.00,0.00,33.00,0.00,99.00,33.00,99.00,33.00,0.00,0.00,0.00,0.00
1763512496.7568524,0.00,0.00,0.00,0.00,0.00,0.00,0.00,33.00,33.00,0.00,33.00,33.00,0.00,0.00,66.00,0.00,99.00,33.00,99.00,33.00,0.00,0.00,0.00,0.00
1763512496.7577817,0.00,0.00,0.00,0.00,0.00,0.00,0.00,33.00,33.00,0.00,33.00,33.00,0.00,0.00,66.00,0.00,99.00,33.00,99.00,33.00,0.00,0.00,0.00,0.00
1763512496.8116806,0.00,0.00,0.00,0.00,0.00,0.00,0.00,33.00,33.00,0.00,33.00,33.00,0.00,0.00,66.00,0.00,99.00,33.00,99.00,33.00,0.00,0.00,0.00,0.00
1763512496.8124368,0.00,0.00,0.00,0.00,0.00,0.00,0.00,33.00,33.00,0.00,33.00,33.00,0.00,0.00,66.00,0.00,99.00,33.00,99.00,33.00,0.00,0.00,0.00,0.00
1763512500.1044014,0.00,0.00,0.00,0.00,0.00,0.00,0.00,33.00,33.00,0.00,66.00,33.00,0.00,0.00,66.00,0.00,99.00,33.00,99.00,33.00,0.00,0.00,0.00,0.00
1763512500.1053772,0.00,0.00,0.00,0.00,0.00,0.00,0.00,33.00,33.00,0.00,66.00,33.00,0.00,0.00,66.00,0.00,99.00,33.00,99.00,33.00,0.00,0.00,0.00,0.00
1763512500.1814938,0.00,0.00,0.00,0.00,0.00,0.00,0.00,33.00,33.00,0.00,66.00,33.00,0.00,0.00,66.00,0.00,99.00,33.00,99.00,33.00,0.00,0.00,0.00,0.00
1763512500.182435,0.00,0.00,0.00,0.00,0.00,0.00,0.00,33.00,33.00,0.00,66.00,33.00,0.00,0.00,66.00,0.00,99.00,33.00,99.00,33.00,0.00,0.00,0.00,0.00
1763512500.2564652,0.00,0.00,0.00,0.00,0.00,0.00,0.00,33.00,33.00,0.00,66.00,33.00,0.00,0.00,66.00,0.00,99.00,33.00,99.00,33.00,0.00,0.00,0.00,0.00
1763512500.2574024,0.00,0.00,0.00,0.00,0.00,0.00,0.00,33.00,33.00,0.00,66.00,33.00,0.00,0.00,66.00,0.00,99.00,33.00,99.00,33.00,0.00,0.00,0.00,0.00
1763512500.4922237,0.00,0.00,0.00,0.00,0.00,0.00,0.00,33.00,33.00,0.00,66.00,33.00,0.00,0.00,66.00,0.00,99.00,33.00,99.00,33.00,0.00,0.00,0.00,0.00
1763512500.4931426,0.00,0.00,0.00,0.00,0.00,0.00,0.00,33.00,33.00,0.00,66.00,33.00,0.00,0.00,66.00,0.00,99.00,33.00,99.00,33.00,0.00,0.00,0.00,0.00
1763512500.5606256,0.00,0.00,33.00,0.00,0.00,0.00,0.00,33.00,33.00,0.00,66.00,33.00,0.00,0.00,66.00,0.00,99.00,33.00,99.00,33.00,0.00,0.00,0.00,0.00
1763512500.5615325,0.00,0.00,33.00,0.00,0.00,0.00,0.00,33.00,33.00,0.00,66.00,33.00,0.00,0.00,66.00,0.00,99.00,33.00,99.00,33.00,0.00,0.00,0.00,0.00
1763512500.642891,0.00,0.00,33.00,0.00,0.00,0.00,0.00,33.00,33.00,0.00,66.00,33.00,0.00,0.00,66.00,0.00,99.00,33.00,99.00,33.00,0.00,0.00,0.00,0.00
1763512500.6438067,0.00,0.00,33.00,0.00,0.00,0.00,0.00,33.00,33.00,0.00,66.00,33.00,0.00,0.00,66.00,0.00,99.00,33.00,99.00,33.00,0.00,0.00,0.00,0.00
1763512501.7362869,0.00,0.00,33.00,0.00,0.00,0.00,0.00,33.00,33.00,0.00,66.00,33.00,0.00,0.00,66.00,0.00,99.00,33.00,66.00,33.00,0.00,0.00,0.00,0.00
1763512501.737231,0.00,0.00,33.00,0.00,0.00,0.00,0.00,33.00,33.00,0.00,66.00,33.00,0.00,0.00,66.00,0.00,99.00,33.00,66.00,33.00,0.00,0.00,0.00,0.00
1763512519.1243618,0.00,0.00,33.00,0.00,0.00,0.00,0.00,33.00,33.00,0.00,66.00,33.00,0.00,0.00,66.00,0.00,99.00,33.00,66.00,33.00,0.00,0.00,0.00,0.00
1763512519.1252778,0.00,0.00,33.00,0.00,0.00,0.00,0.00,33.00,33.00,0.00,66.00,33.00,0.00,0.00,66.00,0.00,99.00,33.00,66.00,33.00,0.00,0.00,0.00,0.00
1763512519.1997309,0.00,0.00,33.00,0.00,0.00,0.00,0.00,33.00,33.00,0.00,66.00,33.00,0.00,0.00,66.00,0.00,99.00,33.00,99.00,33.00,0.00,0.00,0.00,0.00
1763512519.2006097,0.00,0.00,33.00,0.00,0.00,0.00,0.00,33.00,33.00,0.00,66.00,33.00,0.00,0.00,66.00,0.00,99.00,33.00,99.00,33.00,0.00,0.00,0.00,0.00
1763512519.2928162,0.00,0.00,33.00,0.00,0.00,0.00,0.00,33.00,33.00,0.00,66.00,33.00,0.00,0.00,66.00,0.00,99.00,33.00,99.00,33.00,0.00,0.00,0.00,0.00
1763512519.2937508,0.00,0.00,33.00,0.00,0.00,0.00,0.00,33.00,33.00,0.00,66.00,33.00,0.00,0.00,66.00,0.00,99.00,33.00,99.00,33.00,0.00,0.00,0.00,0.00
1763512519.346046,0.00,0.00,33.00,0.00,0.00,0.00,0.00,33.00,33.00,0.00,66.00,33.00,0.00,0.00,66.00,0.00,99.00,33.00,99.00,33.00,0.00,0.00,0.00,0.00
1763512519.3465974,0.00,0.00,33.00,0.00,0.00,0.00,0.00,33.00,33.00,0.00,66.00,33.00,0.00,0.00,66.00,0.00,99.00,33.00,99.00,33.00,0.00,0.00,0.00,0.00
1763512519.4377131,0.00,0.00,33.00,0.00,0.00,0.00,0.00,33.00,33.00,0.00,66.00,33.00,0.00,0.00,66.00,0.00,99.00,33.00,99.00,33.00,0.00,0.00,0.00,0.00
1763512519.438662,0.00,0.00,33.00,0.00,0.00,0.00,0.00,33.00,33.00,0.00,66.00,33.00,0.00,0.00,66.00,0.00,99.00,33.00,99.00,33.00,0.00,0.00,0.00,0.00
1763512519.513249,0.00,0.00,33.00,0.00,0.00,0.00,0.00,33.00,33.00,0.00,66.00,33.00,0.00,0.00,66.00,0.00,99.00,33.00,99.00,33.00,0.00,0.00,0.00,0.00
1763512519.514157,0.00,0.00,33.00,0.00,0.00,0.00,0.00,33.00,33.00,0.00,66.00,33.00,0.00,0.00,66.00,0.00,99.00,33.00,99.00,33.00,0.00,0.00,0.00,0.00
1763512531.9215896,0.00,0.00,33.00,0.00,0.00,0.00,0.00,33.00,33.00,0.00,66.00,33.00,0.00,0.00,33.00,0.00,99.00,0.00,99.00,33.00,0.00,0.00,0.00,0.00
1763512531.9227424,0.00,0.00,33.00,0.00,0.00,0.00,0.00,33.00,33.00,0.00,66.00,33.00,0.00,0.00,33.00,0.00,99.00,0.00,99.00,33.00,0.00,0.00,0.00,0.00
1763512536.7624927,0.00,0.00,0.00,0.00,0.00,0.00,0.00,33.00,33.00,0.00,66.00,33.00,0.00,0.00,33.00,0.00,99.00,33.00,99.00,33.00,0.00,0.00,0.00,0.00
1763512536.7633774,0.00,0.00,0.00,0.00,0.00,0.00,0.00,33.00,33.00,0.00,66.00,33.00,0.00,0.00,33.00,0.00,99.00,33.00,99.00,33.00,0.00,0.00,0.00,0.00
1763512536.8371303,0.00,0.00,0.00,0.00,0.00,0.00,0.00,33.00,33.00,0.00,99.00,33.00,0.00,0.00,33.00,0.00,99.00,33.00,99.00,33.00,0.00,0.00,0.00,0.00
1763512536.838269,0.00,0.00,0.00,0.00,0.00,0.00,0.00,33.00,33.00,0.00,99.00,33.00,0.00,0.00,33.00,0.00,99.00,33.00,99.00,33.00,0.00,0.00,0.00,0.00
1763512538.130074,0.00,0.00,0.00,0.00,0.00,0.00,0.00,33.00,33.00,0.00,99.00,33.00,0.00,0.00,66.00,0.00,99.00,33.00,99.00,33.00,0.00,0.00,0.00,0.00
1763512538.1309974,0.00,0.00,0.00,0.00,0.00,0.00,0.00,33.00,33.00,0.00,99.00,33.00,0.00,0.00,66.00,0.00,99.00,33.00,99.00,33.00,0.00,0.00,0.00,0.00
1763512538.1928785,0.00,0.00,0.00,0.00,0.00,0.00,0.00,33.00,33.00,0.00,99.00,33.00,0.00,0.00,66.00,0.00,99.00,33.00,99.00,33.00,0.00,0.00,0.00,0.00
1763512538.193831,0.00,0.00,0.00,0.00,0.00,0.00,0.00,33.00,33.00,0.00,99.00,33.00,0.00,0.00,66.00,0.00,99.00,33.00,99.00,33.00,0.00,0.00,0.00,0.00
1763512538.2910602,0.00,0.00,0.00,0.00,0.00,0.00,0.00,33.00,33.00,0.00,99.00,33.00,0.00,0.00,66.00,0.00,99.00,33.00,99.00,33.00,0.00,0.00,0.00,0.00
1763512538.2919822,0.00,0.00,0.00,0.00,0.00,0.00,0.00,33.00,33.00,0.00,99.00,33.00,0.00,0.00,66.00,0.00,99.00,33.00,99.00,33.00,0.00,0.00,0.00,0.00
1763512538.381789,0.00,0.00,0.00,0.00,0.00,0.00,0.00,33.00,33.00,0.00,99.00,33.00,0.00,0.00,66.00,0.00,99.00,33.00,99.00,33.00,0.00,0.00,0.00,0.00
1763512538.3826618,0.00,0.00,0.00,0.00,0.00,0.00,0.00,33.00,33.00,0.00,99.00,33.00,0.00,0.00,66.00,0.00,99.00,33.00,99.00,33.00,0.00,0.00,0.00,0.00
1763512538.4677596,0.00,0.00,0.00,0.00,0.00,0.00,0.00,33.00,33.00,0.00,99.00,33.00,0.00,0.00,66.00,0.00,99.00,33.00,99.00,33.00,0.00,0.00,0.00,0.00
1763512538.4686549,0.00,0.00,0.00,0.00,0.00,0.00,0.00,33.00,33.00,0.00,99.00,33.00,0.00,0.00,66.00,0.00,99.00,33.00,99.00,33.00,0.00,0.00,0.00,0.00
1763512538.5575023,0.00,0.00,0.00,0.00,0.00,0.00,0.00,33.00,33.00,0.00,99.00,33.00,0.00,0.00,66.00,0.00,99.00,33.00,99.00,33.00,0.00,0.00,0.00,0.00
1763512538.5584364,0.00,0.00,0.00,0.00,0.00,0.00,0.00,33.00,33.00,0.00,99.00,33.00,0.00,0.00,66.00,0.00,99.00,33.00,99.00,33.00,0.00,0.00,0.00,0.00
1763512541.7845573,0.00,0.00,0.00,0.00,0.00,0.00,0.00,33.00,33.00,0.00,99.00,33.00,0.00,0.00,66.00,0.00,66.00,33.00,66.00,33.00,0.00,0.00,0.00,0.00
1763512541.7854953,0.00,0.00,0.00,0.00,0.00,0.00,0.00,33.00,33.00,0.00,99.00,33.00,0.00,0.00,66.00,0.00,66.00,33.00,66.00,33.00,0.00,0.00,0.00,0.00
1763512542.0363405,0.00,0.00,0.00,0.00,0.00,0.00,0.00,33.00,33.00,0.00,99.00,33.00,0.00,0.00,66.00,0.00,66.00,33.00,66.00,33.00,0.00,0.00,0.00,0.00
1763512542.0375004,0.00,0.00,0.00,0.00,0.00,0.00,0.00,33.00,33.00,0.00,99.00,33.00,0.00,0.00,66.00,0.00,66.00,33.00,66.00,33.00,0.00,0.00,0.00,0.00
1763512542.1298296,0.00,0.00,0.00,0.00,0.00,0.00,0.00,33.00,33.00,0.00,99.00,33.00,0.00,0.00,66.00,0.00,66.00,33.00,66.00,33.00,0.00,0.00,0.00,0.00
1763512542.1310017,0.00,0.00,0.00,0.00,0.00,0.00,0.00,33.00,33.00,0.00,99.00,33.00,0.00,0.00,66.00,0.00,66.00,33.00,66.00,33.00,0.00,0.00,0.00,0.00
1763512542.2087915,0.00,0.00,0.00,0.00,0.00,0.00,0.00,33.00,33.00,0.00,99.00,33.00,0.00,0.00,66.00,0.00,66.00,33.00,99.00,33.00,0.00,0.00,0.00,0.00
1763512542.2097025,0.00,0.00,0.00,0.00,0.00,0.00,0.00,33.00,33.00,0.00,99.00,33.00,0.00,0.00,66.00,0.00,66.00,33.00,99.00,33.00,0.00,0.00,0.00,0.00
1763512542.2568464,0.00,0.00,0.00,0.00,0.00,0.00,0.00,33.00,33.00,0.00,99.00,33.00,0.00,0.00,66.00,0.00,66.00,33.00,99.00,33.00,0.00,0.00,0.00,0.00
1763512542.2573721,0.00,0.00,0.00,0.00,0.00,0.00,0.00,33.00,33.00,0.00,99.00,33.00,0.00,0.00,66.00,0.00,66.00,33.00,99.00,33.00,0.00,0.00,0.00,0.00
1763512542.304561,0.00,0.00,0.00,0.00,0.00,0.00,0.00,33.00,33.00,0.00,99.00,33.00,0.00,0.00,66.00,0.00,66.00,33.00,99.00,33.00,0.00,0.00,0.00,0.00
1763512542.305078,0.00,0.00,0.00,0.00,0.00,0.00,0.00,33.00,33.00,0.00,99.00,33.00,0.00,0.00,66.00,0.00,66.00,33.00,99.00,33.00,0.00,0.00,0.00,0.00
1763512546.7865577,0.00,0.00,0.00,0.00,0.00,0.00,0.00,0.00,0.00,0.00,66.00,33.00,0.00,0.00,66.00,0.00,0.00,33.00,66.00,33.00,0.00,0.00,0.00,0.00
1763512546.787451,0.00,0.00,0.00,0.00,0.00,0.00,0.00,0.00,0.00,0.00,66.00,33.00,0.00,0.00,66.00,0.00,0.00,33.00,66.00,33.00,0.00,0.00,0.00,0.00
1763512551.795565,0.00,0.00,0.00,0.00,0.00,0.00,0.00,0.00,0.00,0.00,66.00,33.00,0.00,0.00,33.00,0.00,0.00,33.00,99.00,33.00,0.00,0.00,0.00,0.00
1763512551.796445,0.00,0.00,0.00,0.00,0.00,0.00,0.00,0.00,0.00,0.00,66.00,33.00,0.00,0.00,33.00,0.00,0.00,33.00,99.00,33.00,0.00,0.00,0.00,0.00
1763512556.7845209,0.00,0.00,0.00,0.00,0.00,0.00,0.00,0.00,0.00,0.00,66.00,33.00,0.00,0.00,33.00,0.00,0.00,33.00,99.00,33.00,0.00,0.00,0.00,0.00
1763512556.7859929,0.00,0.00,0.00,0.00,0.00,0.00,0.00,0.00,0.00,0.00,66.00,33.00,0.00,0.00,33.00,0.00,0.00,33.00,99.00,33.00,0.00,0.00,0.00,0.00
1763512556.8408694,0.00,0.00,0.00,0.00,0.00,0.00,0.00,0.00,0.00,0.00,66.00,33.00,0.00,0.00,33.00,0.00,0.00,33.00,99.00,33.00,0.00,0.00,0.00,0.00
1763512556.8418481,0.00,0.00,0.00,0.00,0.00,0.00,0.00,0.00,0.00,0.00,66.00,33.00,0.00,0.00,33.00,0.00,0.00,33.00,99.00,33.00,0.00,0.00,0.00,0.00
1763512561.8065104,0.00,0.00,0.00,0.00,0.00,0.00,0.00,0.00,0.00,0.00,66.00,33.00,0.00,0.00,33.00,0.00,0.00,33.00,99.00,33.00,0.00,0.00,0.00,0.00
1763512561.8074143,0.00,0.00,0.00,0.00,0.00,0.00,0.00,0.00,0.00,0.00,66.00,33.00,0.00,0.00,33.00,0.00,0.00,33.00,99.00,33.00,0.00,0.00,0.00,0.00
1763512562.13375,0.00,0.00,0.00,0.00,0.00,0.00,0.00,33.00,0.00,0.00,66.00,33.00,0.00,0.00,33.00,0.00,0.00,33.00,99.00,33.00,0.00,0.00,0.00,0.00
1763512562.1348555,0.00,0.00,0.00,0.00,0.00,0.00,0.00,33.00,0.00,0.00,66.00,33.00,0.00,0.00,33.00,0.00,0.00,33.00,99.00,33.00,0.00,0.00,0.00,0.00
1763512562.1958692,0.00,0.00,0.00,0.00,0.00,0.00,0.00,33.00,0.00,0.00,66.00,33.00,0.00,0.00,33.00,0.00,0.00,33.00,99.00,33.00,0.00,0.00,0.00,0.00
1763512562.19639,0.00,0.00,0.00,0.00,0.00,0.00,0.00,33.00,0.00,0.00,66.00,33.00,0.00,0.00,33.00,0.00,0.00,33.00,99.00,33.00,0.00,0.00,0.00,0.00
1763512562.2664645,0.00,0.00,0.00,0.00,0.00,0.00,0.00,33.00,0.00,0.00,66.00,33.00,0.00,0.00,33.00,0.00,0.00,33.00,99.00,33.00,0.00,0.00,0.00,0.00
1763512562.2673483,0.00,0.00,0.00,0.00,0.00,0.00,0.00,33.00,0.00,0.00,66.00,33.00,0.00,0.00,33.00,0.00,0.00,33.00,99.00,33.00,0.00,0.00,0.00,0.00
1763512562.4650786,0.00,0.00,0.00,0.00,0.00,0.00,0.00,33.00,0.00,0.00,66.00,33.00,0.00,0.00,33.00,0.00,33.00,33.00,99.00,33.00,0.00,0.00,0.00,0.00
1763512562.4656022,0.00,0.00,0.00,0.00,0.00,0.00,0.00,33.00,0.00,0.00,66.00,33.00,0.00,0.00,33.00,0.00,33.00,33.00,99.00,33.00,0.00,0.00,0.00,0.00
1763512562.5218952,0.00,0.00,0.00,0.00,0.00,0.00,0.00,33.00,0.00,0.00,66.00,33.00,0.00,0.00,33.00,0.00,33.00,33.00,99.00,33.00,0.00,0.00,0.00,0.00
1763512562.5224228,0.00,0.00,0.00,0.00,0.00,0.00,0.00,33.00,0.00,0.00,66.00,33.00,0.00,0.00,33.00,0.00,33.00,33.00,99.00,33.00,0.00,0.00,0.00,0.00
1763512562.5653498,0.00,0.00,0.00,0.00,0.00,0.00,0.00,33.00,0.00,0.00,66.00,33.00,0.00,0.00,33.00,0.00,33.00,33.00,99.00,33.00,0.00,0.00,0.00,0.00
1763512562.5658767,0.00,0.00,0.00,0.00,0.00,0.00,0.00,33.00,0.00,0.00,66.00,33.00,0.00,0.00,33.00,0.00,33.00,33.00,99.00,33.00,0.00,0.00,0.00,0.00
1763512566.8095958,0.00,0.00,0.00,0.00,0.00,0.00,0.00,33.00,0.00,0.00,66.00,33.00,0.00,0.00,33.00,0.00,33.00,33.00,99.00,33.00,0.00,0.00,0.00,0.00
1763512566.810494,0.00,0.00,0.00,0.00,0.00,0.00,0.00,33.00,0.00,0.00,66.00,33.00,0.00,0.00,33.00,0.00,33.00,33.00,99.00,33.00,0.00,0.00,0.00,0.00
1763512576.1429067,0.00,0.00,0.00,0.00,0.00,0.00,0.00,33.00,0.00,0.00,66.00,33.00,0.00,0.00,33.00,0.00,66.00,33.00,99.00,33.00,0.00,0.00,0.00,0.00
1763512576.1437867,0.00,0.00,0.00,0.00,0.00,0.00,0.00,33.00,0.00,0.00,66.00,33.00,0.00,0.00,33.00,0.00,66.00,33.00,99.00,33.00,0.00,0.00,0.00,0.00
1763512576.214758,0.00,0.00,0.00,0.00,0.00,0.00,0.00,33.00,0.00,0.00,66.00,33.00,0.00,0.00,33.00,0.00,66.00,33.00,99.00,33.00,0.00,0.00,0.00,0.00
1763512576.215678,0.00,0.00,0.00,0.00,0.00,0.00,0.00,33.00,0.00,0.00,66.00,33.00,0.00,0.00,33.00,0.00,66.00,33.00,99.00,33.00,0.00,0.00,0.00,0.00
1763512576.296017,0.00,0.00,0.00,0.00,0.00,0.00,0.00,33.00,0.00,0.00,66.00,33.00,0.00,0.00,66.00,0.00,66.00,33.00,99.00,33.00,0.00,0.00,0.00,0.00
1763512576.2969368,0.00,0.00,0.00,0.00,0.00,0.00,0.00,33.00,0.00,0.00,66.00,33.00,0.00,0.00,66.00,0.00,66.00,33.00,99.00,33.00,0.00,0.00,0.00,0.00
1763512576.388659,0.00,0.00,0.00,0.00,0.00,0.00,0.00,33.00,0.00,0.00,66.00,33.00,0.00,0.00,66.00,0.00,66.00,33.00,99.00,33.00,0.00,0.00,0.00,0.00
1763512576.3896172,0.00,0.00,0.00,0.00,0.00,0.00,0.00,33.00,0.00,0.00,66.00,33.00,0.00,0.00,66.00,0.00,66.00,33.00,99.00,33.00,0.00,0.00,0.00,0.00
1763512576.4801388,0.00,0.00,0.00,0.00,0.00,0.00,0.00,33.00,0.00,0.00,66.00,33.00,0.00,0.00,66.00,0.00,66.00,33.00,99.00,33.00,0.00,0.00,0.00,0.00
1763512576.481063,0.00,0.00,0.00,0.00,0.00,0.00,0.00,33.00,0.00,0.00,66.00,33.00,0.00,0.00,66.00,0.00,66.00,33.00,99.00,33.00,0.00,0.00,0.00,0.00
1763512576.5714672,0.00,0.00,0.00,0.00,0.00,0.00,0.00,33.00,0.00,0.00,66.00,33.00,0.00,0.00,66.00,0.00,66.00,33.00,99.00,33.00,0.00,0.00,0.00,0.00
1763512576.5723846,0.00,0.00,0.00,0.00,0.00,0.00,0.00,33.00,0.00,0.00,66.00,33.00,0.00,0.00,66.00,0.00,66.00,33.00,99.00,33.00,0.00,0.00,0.00,0.00
1763512576.8063376,0.00,0.00,0.00,0.00,0.00,0.00,0.00,33.00,0.00,0.00,33.00,33.00,0.00,0.00,66.00,0.00,66.00,33.00,66.00,33.00,0.00,0.00,0.00,0.00
1763512576.8068762,0.00,0.00,0.00,0.00,0.00,0.00,0.00,33.00,0.00,0.00,33.00,33.00,0.00,0.00,66.00,0.00,66.00,33.00,66.00,33.00,0.00,0.00,0.00,0.00
1763512576.8711398,0.00,0.00,0.00,0.00,0.00,0.00,0.00,33.00,0.00,0.00,33.00,33.00,0.00,0.00,66.00,0.00,66.00,33.00,66.00,33.00,0.00,0.00,0.00,0.00
1763512576.8720644,0.00,0.00,0.00,0.00,0.00,0.00,0.00,33.00,0.00,0.00,33.00,33.00,0.00,0.00,66.00,0.00,66.00,33.00,66.00,33.00,0.00,0.00,0.00,0.00
1763512595.2233346,0.00,0.00,0.00,0.00,0.00,0.00,0.00,33.00,0.00,0.00,33.00,33.00,0.00,0.00,66.00,0.00,66.00,33.00,66.00,33.00,0.00,0.00,0.00,0.00
1763512595.2238812,0.00,0.00,0.00,0.00,0.00,0.00,0.00,33.00,0.00,0.00,33.00,33.00,0.00,0.00,66.00,0.00,66.00,33.00,66.00,33.00,0.00,0.00,0.00,0.00
1763512595.284877,0.00,0.00,0.00,0.00,0.00,0.00,0.00,33.00,0.00,0.00,33.00,33.00,0.00,0.00,66.00,0.00,66.00,33.00,66.00,33.00,0.00,0.00,0.00,0.00
1763512595.2854292,0.00,0.00,0.00,0.00,0.00,0.00,0.00,33.00,0.00,0.00,33.00,33.00,0.00,0.00,66.00,0.00,66.00,33.00,66.00,33.00,0.00,0.00,0.00,0.00
1763512595.348094,0.00,0.00,0.00,0.00,0.00,0.00,0.00,33.00,0.00,0.00,33.00,33.00,0.00,0.00,66.00,0.00,66.00,33.00,66.00,33.00,0.00,0.00,0.00,0.00
1763512595.3486536,0.00,0.00,0.00,0.00,0.00,0.00,0.00,33.00,0.00,0.00,33.00,33.00,0.00,0.00,66.00,0.00,66.00,33.00,66.00,33.00,0.00,0.00,0.00,0.00
1763512595.4136302,0.00,0.00,0.00,0.00,0.00,0.00,0.00,33.00,0.00,0.00,33.00,33.00,0.00,0.00,66.00,0.00,66.00,33.00,66.00,33.00,0.00,0.00,0.00,0.00
1763512595.414195,0.00,0.00,0.00,0.00,0.00,0.00,0.00,33.00,0.00,0.00,33.00,33.00,0.00,0.00,66.00,0.00,66.00,33.00,66.00,33.00,0.00,0.00,0.00,0.00
1763512595.4774532,0.00,0.00,0.00,0.00,0.00,0.00,0.00,33.00,0.00,0.00,33.00,33.00,0.00,0.00,66.00,0.00,66.00,33.00,66.00,33.00,0.00,0.00,0.00,0.00
1763512595.4780178,0.00,0.00,0.00,0.00,0.00,0.00,0.00,33.00,0.00,0.00,33.00,33.00,0.00,0.00,66.00,0.00,66.00,33.00,66.00,33.00,0.00,0.00,0.00,0.00
1763512595.539391,0.00,0.00,0.00,0.00,0.00,0.00,0.00,33.00,0.00,0.00,33.00,33.00,0.00,0.00,66.00,0.00,66.00,33.00,66.00,33.00,0.00,0.00,0.00,0.00
1763512595.539932,0.00,0.00,0.00,0.00,0.00,0.00,0.00,33.00,0.00,0.00,33.00,33.00,0.00,0.00,66.00,0.00,66.00,33.00,66.00,33.00,0.00,0.00,0.00,0.00
1763512606.8311944,0.00,0.00,0.00,0.00,0.00,0.00,0.00,33.00,0.00,0.00,33.00,33.00,0.00,0.00,66.00,0.00,66.00,33.00,99.00,33.00,0.00,0.00,0.00,0.00
1763512606.8317282,0.00,0.00,0.00,0.00,0.00,0.00,0.00,33.00,0.00,0.00,33.00,33.00,0.00,0.00,66.00,0.00,66.00,33.00,99.00,33.00,0.00,0.00,0.00,0.00
1763512611.828906,0.00,0.00,0.00,0.00,0.00,0.00,0.00,33.00,0.00,0.00,66.00,33.00,0.00,0.00,66.00,0.00,66.00,33.00,99.00,33.00,0.00,0.00,0.00,0.00
1763512611.8294291,0.00,0.00,0.00,0.00,0.00,0.00,0.00,33.00,0.00,0.00,66.00,33.00,0.00,0.00,66.00,0.00,66.00,33.00,99.00,33.00,0.00,0.00,0.00,0.00
1763512616.8654222,0.00,0.00,0.00,0.00,0.00,0.00,0.00,33.00,0.00,0.00,33.00,0.00,0.00,0.00,66.00,0.00,33.00,33.00,66.00,33.00,0.00,0.00,0.00,0.00
1763512616.866364,0.00,0.00,0.00,0.00,0.00,0.00,0.00,33.00,0.00,0.00,33.00,0.00,0.00,0.00,66.00,0.00,33.00,33.00,66.00,33.00,0.00,0.00,0.00,0.00
1763512617.1974852,0.00,0.00,0.00,0.00,0.00,0.00,0.00,33.00,0.00,0.00,33.00,33.00,0.00,0.00,66.00,0.00,33.00,33.00,66.00,33.00,0.00,0.00,0.00,0.00
1763512617.1986654,0.00,0.00,0.00,0.00,0.00,0.00,0.00,33.00,0.00,0.00,33.00,33.00,0.00,0.00,66.00,0.00,33.00,33.00,66.00,33.00,0.00,0.00,0.00,0.00
1763512617.3444011,0.00,0.00,0.00,0.00,0.00,0.00,0.00,33.00,0.00,0.00,33.00,33.00,0.00,0.00,66.00,0.00,33.00,33.00,66.00,33.00,0.00,0.00,0.00,0.00
1763512617.3449168,0.00,0.00,0.00,0.00,0.00,0.00,0.00,33.00,0.00,0.00,33.00,33.00,0.00,0.00,66.00,0.00,33.00,33.00,66.00,33.00,0.00,0.00,0.00,0.00
1763512617.4035876,0.00,0.00,0.00,0.00,0.00,0.00,0.00,33.00,0.00,0.00,33.00,33.00,0.00,0.00,66.00,0.00,33.00,33.00,66.00,33.00,0.00,0.00,0.00,0.00
1763512617.4041674,0.00,0.00,0.00,0.00,0.00,0.00,0.00,33.00,0.00,0.00,33.00,33.00,0.00,0.00,66.00,0.00,33.00,33.00,66.00,33.00,0.00,0.00,0.00,0.00
1763512617.456944,0.00,0.00,0.00,0.00,0.00,0.00,0.00,33.00,0.00,0.00,33.00,33.00,0.00,0.00,66.00,0.00,33.00,33.00,66.00,33.00,0.00,0.00,0.00,0.00
1763512617.457514,0.00,0.00,0.00,0.00,0.00,0.00,0.00,33.00,0.00,0.00,33.00,33.00,0.00,0.00,66.00,0.00,33.00,33.00,66.00,33.00,0.00,0.00,0.00,0.00
1763512617.5284698,0.00,0.00,0.00,0.00,0.00,0.00,0.00,33.00,0.00,0.00,33.00,33.00,0.00,0.00,66.00,0.00,33.00,33.00,66.00,33.00,0.00,0.00,0.00,0.00
1763512617.5290127,0.00,0.00,0.00,0.00,0.00,0.00,0.00,33.00,0.00,0.00,33.00,33.00,0.00,0.00,66.00,0.00,33.00,33.00,66.00,33.00,0.00,0.00,0.00,0.00
1763512617.5825462,0.00,0.00,0.00,0.00,0.00,0.00,0.00,33.00,0.00,0.00,33.00,33.00,0.00,0.00,66.00,0.00,33.00,33.00,66.00,33.00,0.00,0.00,0.00,0.00
1763512617.5831149,0.00,0.00,0.00,0.00,0.00,0.00,0.00,33.00,0.00,0.00,33.00,33.00,0.00,0.00,66.00,0.00,33.00,33.00,66.00,33.00,0.00,0.00,0.00,0.00
1763512621.8797445,0.00,0.00,0.00,0.00,0.00,0.00,0.00,33.00,0.00,0.00,33.00,33.00,0.00,0.00,66.00,0.00,0.00,33.00,66.00,33.00,0.00,0.00,0.00,0.00
1763512621.8807034,0.00,0.00,0.00,0.00,0.00,0.00,0.00,33.00,0.00,0.00,33.00,33.00,0.00,0.00,66.00,0.00,0.00,33.00,66.00,33.00,0.00,0.00,0.00,0.00
1763512621.9296277,0.00,0.00,0.00,0.00,0.00,0.00,0.00,33.00,0.00,0.00,33.00,33.00,0.00,0.00,66.00,0.00,0.00,33.00,66.00,33.00,0.00,0.00,0.00,0.00
1763512621.9303637,0.00,0.00,0.00,0.00,0.00,0.00,0.00,33.00,0.00,0.00,33.00,33.00,0.00,0.00,66.00,0.00,0.00,33.00,66.00,33.00,0.00,0.00,0.00,0.00
1763512621.996373,0.00,0.00,0.00,0.00,0.00,0.00,0.00,33.00,0.00,0.00,33.00,33.00,0.00,0.00,66.00,0.00,0.00,33.00,66.00,33.00,0.00,0.00,0.00,0.00
1763512621.9970813,0.00,0.00,0.00,0.00,0.00,0.00,0.00,33.00,0.00,0.00,33.00,33.00,0.00,0.00,66.00,0.00,0.00,33.00,66.00,33.00,0.00,0.00,0.00,0.00
1763512626.8564665,0.00,0.00,0.00,0.00,0.00,0.00,0.00,33.00,0.00,0.00,33.00,33.00,0.00,0.00,66.00,0.00,0.00,33.00,33.00,33.00,0.00,0.00,0.00,0.00
1763512626.8569884,0.00,0.00,0.00,0.00,0.00,0.00,0.00,33.00,0.00,0.00,33.00,33.00,0.00,0.00,66.00,0.00,0.00,33.00,33.00,33.00,0.00,0.00,0.00,0.00
1763512639.178601,0.00,0.00,0.00,0.00,0.00,0.00,0.00,33.00,0.00,0.00,33.00,33.00,0.00,0.00,66.00,0.00,0.00,33.00,66.00,33.00,0.00,0.00,0.00,0.00
1763512639.1795304,0.00,0.00,0.00,0.00,0.00,0.00,0.00,33.00,0.00,0.00,33.00,33.00,0.00,0.00,66.00,0.00,0.00,33.00,66.00,33.00,0.00,0.00,0.00,0.00
1763512639.2452242,0.00,0.00,0.00,0.00,0.00,0.00,0.00,33.00,0.00,0.00,33.00,33.00,0.00,0.00,66.00,0.00,0.00,33.00,66.00,33.00,0.00,0.00,0.00,0.00
1763512639.2457972,0.00,0.00,0.00,0.00,0.00,0.00,0.00,33.00,0.00,0.00,33.00,33.00,0.00,0.00,66.00,0.00,0.00,33.00,66.00,33.00,0.00,0.00,0.00,0.00
1763512639.2998166,0.00,0.00,0.00,0.00,0.00,0.00,0.00,33.00,0.00,0.00,33.00,33.00,0.00,0.00,66.00,0.00,0.00,33.00,66.00,33.00,0.00,0.00,0.00,0.00
1763512639.3003583,0.00,0.00,0.00,0.00,0.00,0.00,0.00,33.00,0.00,0.00,33.00,33.00,0.00,0.00,66.00,0.00,0.00,33.00,66.00,33.00,0.00,0.00,0.00,0.00
1763512639.371523,0.00,0.00,0.00,0.00,0.00,0.00,0.00,33.00,0.00,0.00,33.00,33.00,0.00,0.00,66.00,0.00,0.00,33.00,66.00,33.00,0.00,0.00,0.00,0.00
1763512639.372407,0.00,0.00,0.00,0.00,0.00,0.00,0.00,33.00,0.00,0.00,33.00,33.00,0.00,0.00,66.00,0.00,0.00,33.00,66.00,33.00,0.00,0.00,0.00,0.00
1763512639.5130382,0.00,0.00,0.00,0.00,0.00,0.00,0.00,33.00,0.00,0.00,33.00,33.00,0.00,0.00,66.00,0.00,0.00,33.00,66.00,33.00,0.00,0.00,0.00,0.00
1763512639.513588,0.00,0.00,0.00,0.00,0.00,0.00,0.00,33.00,0.00,0.00,33.00,33.00,0.00,0.00,66.00,0.00,0.00,33.00,66.00,33.00,0.00,0.00,0.00,0.00
1763512639.569024,0.00,0.00,0.00,0.00,0.00,0.00,0.00,33.00,0.00,0.00,33.00,33.00,0.00,0.00,66.00,0.00,0.00,33.00,66.00,33.00,0.00,0.00,0.00,0.00
1763512639.5695632,0.00,0.00,0.00,0.00,0.00,0.00,0.00,33.00,0.00,0.00,33.00,33.00,0.00,0.00,66.00,0.00,0.00,33.00,66.00,33.00,0.00,0.00,0.00,0.00
1763512641.8708222,0.00,0.00,0.00,0.00,0.00,0.00,0.00,0.00,0.00,0.00,33.00,33.00,0.00,0.00,66.00,0.00,0.00,33.00,66.00,33.00,0.00,0.00,0.00,0.00
1763512641.8713722,0.00,0.00,0.00,0.00,0.00,0.00,0.00,0.00,0.00,0.00,33.00,33.00,0.00,0.00,66.00,0.00,0.00,33.00,66.00,33.00,0.00,0.00,0.00,0.00
1763512651.908091,0.00,0.00,0.00,0.00,0.00,0.00,0.00,0.00,0.00,0.00,33.00,33.00,0.00,0.00,0.00,0.00,0.00,33.00,99.00,33.00,0.00,0.00,0.00,0.00
1763512651.909003,0.00,0.00,0.00,0.00,0.00,0.00,0.00,0.00,0.00,0.00,33.00,33.00,0.00,0.00,0.00,0.00,0.00,33.00,99.00,33.00,0.00,0.00,0.00,0.00
1763512656.9164267,0.00,0.00,0.00,0.00,0.00,0.00,0.00,33.00,0.00,0.00,33.00,33.00,0.00,0.00,0.00,0.00,0.00,33.00,99.00,33.00,0.00,0.00,0.00,0.00
1763512656.9173515,0.00,0.00,0.00,0.00,0.00,0.00,0.00,33.00,0.00,0.00,33.00,33.00,0.00,0.00,0.00,0.00,0.00,33.00,99.00,33.00,0.00,0.00,0.00,0.00
1763512662.214234,0.00,0.00,0.00,0.00,0.00,0.00,0.00,33.00,0.00,0.00,33.00,33.00,0.00,0.00,0.00,0.00,33.00,33.00,99.00,33.00,0.00,0.00,0.00,0.00
1763512662.2154315,0.00,0.00,0.00,0.00,0.00,0.00,0.00,33.00,0.00,0.00,33.00,33.00,0.00,0.00,0.00,0.00,33.00,33.00,99.00,33.00,0.00,0.00,0.00,0.00
1763512662.310849,0.00,0.00,0.00,0.00,0.00,0.00,0.00,33.00,0.00,0.00,33.00,33.00,0.00,0.00,0.00,0.00,33.00,33.00,99.00,33.00,0.00,0.00,0.00,0.00
1763512662.3117547,0.00,0.00,0.00,0.00,0.00,0.00,0.00,33.00,0.00,0.00,33.00,33.00,0.00,0.00,0.00,0.00,33.00,33.00,99.00,33.00,0.00,0.00,0.00,0.00
1763512662.388973,0.00,0.00,0.00,0.00,0.00,0.00,0.00,33.00,0.00,0.00,33.00,33.00,0.00,0.00,0.00,0.00,33.00,33.00,99.00,33.00,0.00,0.00,0.00,0.00
1763512662.3898854,0.00,0.00,0.00,0.00,0.00,0.00,0.00,33.00,0.00,0.00,33.00,33.00,0.00,0.00,0.00,0.00,33.00,33.00,99.00,33.00,0.00,0.00,0.00,0.00
1763512662.4707198,0.00,0.00,0.00,0.00,0.00,0.00,0.00,33.00,0.00,0.00,33.00,33.00,0.00,0.00,0.00,0.00,33.00,33.00,99.00,33.00,0.00,0.00,0.00,0.00
1763512662.4716344,0.00,0.00,0.00,0.00,0.00,0.00,0.00,33.00,0.00,0.00,33.00,33.00,0.00,0.00,0.00,0.00,33.00,33.00,99.00,33.00,0.00,0.00,0.00,0.00
1763512662.5555375,0.00,0.00,0.00,0.00,0.00,0.00,0.00,33.00,0.00,0.00,33.00,33.00,0.00,0.00,0.00,0.00,33.00,33.00,99.00,33.00,0.00,0.00,0.00,0.00
1763512662.5564482,0.00,0.00,0.00,0.00,0.00,0.00,0.00,33.00,0.00,0.00,33.00,33.00,0.00,0.00,0.00,0.00,33.00,33.00,99.00,33.00,0.00,0.00,0.00,0.00
1763512662.6243913,0.00,0.00,0.00,0.00,0.00,0.00,0.00,33.00,0.00,0.00,33.00,33.00,0.00,0.00,0.00,0.00,33.00,33.00,99.00,33.00,0.00,0.00,0.00,0.00
1763512662.625304,0.00,0.00,0.00,0.00,0.00,0.00,0.00,33.00,0.00,0.00,33.00,33.00,0.00,0.00,0.00,0.00,33.00,33.00,99.00,33.00,0.00,0.00,0.00,0.00
1763512679.2109509,0.00,0.00,0.00,0.00,0.00,0.00,0.00,33.00,0.00,0.00,33.00,33.00,0.00,0.00,0.00,0.00,33.00,33.00,99.00,33.00,0.00,0.00,0.00,0.00
1763512679.2123108,0.00,0.00,0.00,0.00,0.00,0.00,0.00,33.00,0.00,0.00,33.00,33.00,0.00,0.00,0.00,0.00,33.00,33.00,99.00,33.00,0.00,0.00,0.00,0.00
1763512679.4603364,0.00,0.00,0.00,0.00,0.00,0.00,0.00,33.00,0.00,0.00,33.00,33.00,0.00,0.00,0.00,0.00,33.00,33.00,99.00,33.00,0.00,0.00,0.00,0.00
1763512679.4612775,0.00,0.00,0.00,0.00,0.00,0.00,0.00,33.00,0.00,0.00,33.00,33.00,0.00,0.00,0.00,0.00,33.00,33.00,99.00,33.00,0.00,0.00,0.00,0.00
1763512679.5398204,0.00,0.00,0.00,0.00,0.00,0.00,0.00,33.00,0.00,0.00,33.00,33.00,0.00,0.00,0.00,0.00,33.00,33.00,99.00,33.00,0.00,0.00,0.00,0.00
1763512679.5407403,0.00,0.00,0.00,0.00,0.00,0.00,0.00,33.00,0.00,0.00,33.00,33.00,0.00,0.00,0.00,0.00,33.00,33.00,99.00,33.00,0.00,0.00,0.00,0.00
1763512679.636765,0.00,0.00,0.00,0.00,0.00,0.00,0.00,33.00,0.00,0.00,33.00,33.00,0.00,0.00,0.00,0.00,33.00,33.00,99.00,33.00,0.00,0.00,0.00,0.00
1763512679.6377187,0.00,0.00,0.00,0.00,0.00,0.00,0.00,33.00,0.00,0.00,33.00,33.00,0.00,0.00,0.00,0.00,33.00,33.00,99.00,33.00,0.00,0.00,0.00,0.00
1763512679.7269816,0.00,0.00,0.00,0.00,0.00,0.00,0.00,33.00,0.00,0.00,33.00,33.00,0.00,0.00,0.00,0.00,33.00,33.00,99.00,33.00,0.00,0.00,0.00,0.00
1763512679.7279108,0.00,0.00,0.00,0.00,0.00,0.00,0.00,33.00,0.00,0.00,33.00,33.00,0.00,0.00,0.00,0.00,33.00,33.00,99.00,33.00,0.00,0.00,0.00,0.00
1763512679.8149025,0.00,0.00,0.00,0.00,0.00,0.00,0.00,33.00,0.00,0.00,33.00,33.00,0.00,0.00,0.00,0.00,33.00,33.00,99.00,33.00,0.00,0.00,0.00,0.00
1763512679.8158588,0.00,0.00,0.00,0.00,0.00,0.00,0.00,33.00,0.00,0.00,33.00,33.00,0.00,0.00,0.00,0.00,33.00,33.00,99.00,33.00,0.00,0.00,0.00,0.00
1763512692.2413564,0.00,0.00,0.00,0.00,0.00,0.00,0.00,0.00,0.00,0.00,33.00,33.00,0.00,0.00,0.00,0.00,33.00,33.00,66.00,33.00,0.00,0.00,0.00,0.00
1763512692.2424898,0.00,0.00,0.00,0.00,0.00,0.00,0.00,0.00,0.00,0.00,33.00,33.00,0.00,0.00,0.00,0.00,33.00,33.00,66.00,33.00,0.00,0.00,0.00,0.00
1763512692.3144386,0.00,0.00,0.00,0.00,0.00,0.00,0.00,0.00,0.00,0.00,33.00,33.00,0.00,0.00,0.00,0.00,33.00,33.00,99.00,33.00,0.00,0.00,0.00,0.00
1763512692.3149548,0.00,0.00,0.00,0.00,0.00,0.00,0.00,0.00,0.00,0.00,33.00,33.00,0.00,0.00,0.00,0.00,33.00,33.00,99.00,33.00,0.00,0.00,0.00,0.00
1763512692.380815,0.00,0.00,0.00,0.00,0.00,0.00,0.00,0.00,0.00,0.00,33.00,33.00,0.00,0.00,0.00,0.00,33.00,33.00,99.00,33.00,0.00,0.00,0.00,0.00
1763512692.3813553,0.00,0.00,0.00,0.00,0.00,0.00,0.00,0.00,0.00,0.00,33.00,33.00,0.00,0.00,0.00,0.00,33.00,33.00,99.00,33.00,0.00,0.00,0.00,0.00
1763512692.4316728,0.00,0.00,0.00,0.00,0.00,0.00,0.00,0.00,0.00,0.00,33.00,33.00,0.00,0.00,0.00,0.00,33.00,33.00,99.00,33.00,0.00,0.00,0.00,0.00
1763512692.432206,0.00,0.00,0.00,0.00,0.00,0.00,0.00,0.00,0.00,0.00,33.00,33.00,0.00,0.00,0.00,0.00,33.00,33.00,99.00,33.00,0.00,0.00,0.00,0.00
1763512692.5065327,0.00,0.00,0.00,0.00,0.00,0.00,0.00,0.00,0.00,0.00,33.00,33.00,0.00,0.00,0.00,0.00,33.00,33.00,99.00,33.00,0.00,0.00,0.00,0.00
1763512692.5074394,0.00,0.00,0.00,0.00,0.00,0.00,0.00,0.00,0.00,0.00,33.00,33.00,0.00,0.00,0.00,0.00,33.00,33.00,99.00,33.00,0.00,0.00,0.00,0.00
1763512692.5888987,0.00,0.00,0.00,0.00,0.00,0.00,0.00,0.00,0.00,0.00,33.00,33.00,0.00,0.00,0.00,0.00,33.00,33.00,99.00,33.00,0.00,0.00,0.00,0.00
1763512692.5898318,0.00,0.00,0.00,0.00,0.00,0.00,0.00,0.00,0.00,0.00,33.00,33.00,0.00,0.00,0.00,0.00,33.00,33.00,99.00,33.00,0.00,0.00,0.00,0.00
1763512697.0660005,0.00,0.00,0.00,0.00,0.00,0.00,0.00,33.00,0.00,0.00,33.00,33.00,0.00,0.00,0.00,0.00,33.00,33.00,99.00,33.00,0.00,0.00,0.00,0.00
1763512697.0667174,0.00,0.00,0.00,0.00,0.00,0.00,0.00,33.00,0.00,0.00,33.00,33.00,0.00,0.00,0.00,0.00,33.00,33.00,99.00,33.00,0.00,0.00,0.00,0.00
1763512706.9271305,0.00,0.00,0.00,0.00,0.00,0.00,0.00,33.00,0.00,0.00,33.00,33.00,0.00,0.00,0.00,0.00,66.00,33.00,99.00,33.00,0.00,0.00,0.00,0.00
1763512706.927989,0.00,0.00,0.00,0.00,0.00,0.00,0.00,33.00,0.00,0.00,33.00,33.00,0.00,0.00,0.00,0.00,66.00,33.00,99.00,33.00,0.00,0.00,0.00,0.00
1763512716.936549,0.00,0.00,0.00,0.00,0.00,0.00,0.00,33.00,0.00,0.00,33.00,33.00,0.00,0.00,0.00,0.00,66.00,33.00,99.00,33.00,0.00,0.00,0.00,0.00
1763512716.937117,0.00,0.00,0.00,0.00,0.00,0.00,0.00,33.00,0.00,0.00,33.00,33.00,0.00,0.00,0.00,0.00,66.00,33.00,99.00,33.00,0.00,0.00,0.00,0.00
1763512717.0138972,0.00,0.00,0.00,0.00,0.00,0.00,0.00,33.00,0.00,0.00,33.00,33.00,0.00,0.00,0.00,0.00,66.00,33.00,99.00,33.00,0.00,0.00,0.00,0.00
1763512717.014796,0.00,0.00,0.00,0.00,0.00,0.00,0.00,33.00,0.00,0.00,33.00,33.00,0.00,0.00,0.00,0.00,66.00,33.00,99.00,33.00,0.00,0.00,0.00,0.00
1763512718.1950753,0.00,0.00,0.00,0.00,0.00,0.00,0.00,33.00,0.00,0.00,33.00,33.00,0.00,0.00,0.00,0.00,99.00,33.00,99.00,33.00,0.00,0.00,0.00,0.00
1763512718.1956325,0.00,0.00,0.00,0.00,0.00,0.00,0.00,33.00,0.00,0.00,33.00,33.00,0.00,0.00,0.00,0.00,99.00,33.00,99.00,33.00,0.00,0.00,0.00,0.00
1763512718.2454698,0.00,0.00,0.00,0.00,0.00,0.00,0.00,33.00,0.00,0.00,33.00,33.00,0.00,0.00,0.00,0.00,99.00,33.00,99.00,33.00,0.00,0.00,0.00,0.00
1763512718.2460625,0.00,0.00,0.00,0.00,0.00,0.00,0.00,33.00,0.00,0.00,33.00,33.00,0.00,0.00,0.00,0.00,99.00,33.00,99.00,33.00,0.00,0.00,0.00,0.00
1763512718.2903938,0.00,0.00,0.00,0.00,0.00,0.00,0.00,33.00,0.00,0.00,33.00,33.00,0.00,0.00,0.00,0.00,99.00,33.00,99.00,33.00,0.00,0.00,0.00,0.00
1763512718.2909534,0.00,0.00,0.00,0.00,0.00,0.00,0.00,33.00,0.00,0.00,33.00,33.00,0.00,0.00,0.00,0.00,99.00,33.00,99.00,33.00,0.00,0.00,0.00,0.00
1763512718.3361557,0.00,0.00,0.00,0.00,0.00,0.00,0.00,33.00,0.00,0.00,33.00,33.00,0.00,0.00,0.00,0.00,99.00,33.00,99.00,33.00,0.00,0.00,0.00,0.00
1763512718.3367314,0.00,0.00,0.00,0.00,0.00,0.00,0.00,33.00,0.00,0.00,33.00,33.00,0.00,0.00,0.00,0.00,99.00,33.00,99.00,33.00,0.00,0.00,0.00,0.00
1763512718.3775632,0.00,0.00,0.00,0.00,0.00,0.00,0.00,33.00,33.00,0.00,33.00,33.00,0.00,0.00,0.00,0.00,99.00,33.00,99.00,33.00,0.00,0.00,0.00,0.00
1763512718.3781104,0.00,0.00,0.00,0.00,0.00,0.00,0.00,33.00,33.00,0.00,33.00,33.00,0.00,0.00,0.00,0.00,99.00,33.00,99.00,33.00,0.00,0.00,0.00,0.00
1763512718.4328623,0.00,0.00,0.00,0.00,0.00,0.00,0.00,33.00,33.00,0.00,33.00,33.00,0.00,0.00,0.00,0.00,99.00,33.00,99.00,33.00,0.00,0.00,0.00,0.00
1763512718.4334388,0.00,0.00,0.00,0.00,0.00,0.00,0.00,33.00,33.00,0.00,33.00,33.00,0.00,0.00,0.00,0.00,99.00,33.00,99.00,33.00,0.00,0.00,0.00,0.00
1763512721.9734979,0.00,0.00,0.00,0.00,0.00,0.00,0.00,33.00,33.00,0.00,0.00,0.00,0.00,0.00,0.00,0.00,99.00,33.00,99.00,33.00,0.00,0.00,0.00,0.00
1763512721.9744256,0.00,0.00,0.00,0.00,0.00,0.00,0.00,33.00,33.00,0.00,0.00,0.00,0.00,0.00,0.00,0.00,99.00,33.00,99.00,33.00,0.00,0.00,0.00,0.00
1763512731.9789114,0.00,0.00,0.00,0.00,0.00,0.00,0.00,33.00,33.00,0.00,0.00,33.00,0.00,0.00,0.00,0.00,99.00,33.00,99.00,33.00,0.00,0.00,0.00,0.00
1763512731.9798272,0.00,0.00,0.00,0.00,0.00,0.00,0.00,33.00,33.00,0.00,0.00,33.00,0.00,0.00,0.00,0.00,99.00,33.00,99.00,33.00,0.00,0.00,0.00,0.00
1763512737.346412,0.00,0.00,33.00,0.00,0.00,0.00,0.00,33.00,33.00,0.00,0.00,33.00,0.00,0.00,0.00,0.00,99.00,33.00,99.00,33.00,0.00,0.00,0.00,0.00
1763512737.346977,0.00,0.00,33.00,0.00,0.00,0.00,0.00,33.00,33.00,0.00,0.00,33.00,0.00,0.00,0.00,0.00,99.00,33.00,99.00,33.00,0.00,0.00,0.00,0.00
1763512737.4195576,0.00,0.00,33.00,0.00,0.00,0.00,0.00,33.00,33.00,0.00,0.00,33.00,0.00,0.00,0.00,0.00,99.00,33.00,99.00,33.00,0.00,0.00,0.00,0.00
1763512737.420122,0.00,0.00,33.00,0.00,0.00,0.00,0.00,33.00,33.00,0.00,0.00,33.00,0.00,0.00,0.00,0.00,99.00,33.00,99.00,33.00,0.00,0.00,0.00,0.00
1763512737.4934788,0.00,0.00,33.00,0.00,0.00,0.00,0.00,33.00,33.00,0.00,0.00,33.00,0.00,0.00,0.00,0.00,99.00,33.00,99.00,33.00,0.00,0.00,0.00,0.00
1763512737.4940174,0.00,0.00,33.00,0.00,0.00,0.00,0.00,33.00,33.00,0.00,0.00,33.00,0.00,0.00,0.00,0.00,99.00,33.00,99.00,33.00,0.00,0.00,0.00,0.00
1763512737.5544727,0.00,0.00,33.00,0.00,0.00,0.00,0.00,33.00,33.00,0.00,0.00,33.00,0.00,0.00,0.00,0.00,99.00,33.00,99.00,33.00,0.00,0.00,0.00,0.00
1763512737.5550244,0.00,0.00,33.00,0.00,0.00,0.00,0.00,33.00,33.00,0.00,0.00,33.00,0.00,0.00,0.00,0.00,99.00,33.00,99.00,33.00,0.00,0.00,0.00,0.00
1763512737.628541,0.00,0.00,33.00,0.00,0.00,0.00,0.00,33.00,33.00,0.00,0.00,33.00,0.00,0.00,0.00,0.00,99.00,33.00,99.00,33.00,0.00,0.00,0.00,0.00
1763512737.6290889,0.00,0.00,33.00,0.00,0.00,0.00,0.00,33.00,33.00,0.00,0.00,33.00,0.00,0.00,0.00,0.00,99.00,33.00,99.00,33.00,0.00,0.00,0.00,0.00
1763512737.692467,0.00,0.00,33.00,0.00,0.00,0.00,0.00,33.00,33.00,0.00,0.00,33.00,0.00,0.00,0.00,0.00,99.00,33.00,99.00,33.00,0.00,0.00,0.00,0.00
1763512737.6930165,0.00,0.00,33.00,0.00,0.00,0.00,0.00,33.00,33.00,0.00,0.00,33.00,0.00,0.00,0.00,0.00,99.00,33.00,99.00,33.00,0.00,0.00,0.00,0.00
1763512762.2830312,0.00,0.00,33.00,0.00,0.00,0.00,0.00,0.00,33.00,0.00,0.00,33.00,0.00,0.00,0.00,0.00,66.00,33.00,99.00,33.00,0.00,0.00,0.00,0.00
1763512762.284218,0.00,0.00,33.00,0.00,0.00,0.00,0.00,0.00,33.00,0.00,0.00,33.00,0.00,0.00,0.00,0.00,66.00,33.00,99.00,33.00,0.00,0.00,0.00,0.00
1763512762.3905585,0.00,0.00,33.00,0.00,0.00,0.00,0.00,33.00,33.00,0.00,0.00,33.00,0.00,0.00,0.00,0.00,66.00,33.00,99.00,33.00,0.00,0.00,0.00,0.00
1763512762.391453,0.00,0.00,33.00,0.00,0.00,0.00,0.00,33.00,33.00,0.00,0.00,33.00,0.00,0.00,0.00,0.00,66.00,33.00,99.00,33.00,0.00,0.00,0.00,0.00
1763512762.4707105,0.00,0.00,33.00,0.00,0.00,0.00,0.00,33.00,33.00,0.00,0.00,33.00,0.00,0.00,0.00,0.00,66.00,33.00,99.00,33.00,0.00,0.00,0.00,0.00
1763512762.4716892,0.00,0.00,33.00,0.00,0.00,0.00,0.00,33.00,33.00,0.00,0.00,33.00,0.00,0.00,0.00,0.00,66.00,33.00,99.00,33.00,0.00,0.00,0.00,0.00
1763512762.5561655,0.00,0.00,33.00,0.00,0.00,0.00,0.00,33.00,33.00,0.00,0.00,33.00,0.00,0.00,0.00,0.00,66.00,33.00,99.00,33.00,0.00,0.00,0.00,0.00
1763512762.5570874,0.00,0.00,33.00,0.00,0.00,0.00,0.00,33.00,33.00,0.00,0.00,33.00,0.00,0.00,0.00,0.00,66.00,33.00,99.00,33.00,0.00,0.00,0.00,0.00
1763512762.637863,0.00,0.00,33.00,0.00,0.00,0.00,0.00,33.00,33.00,0.00,0.00,33.00,0.00,0.00,0.00,0.00,66.00,33.00,99.00,33.00,0.00,0.00,0.00,0.00
1763512762.638794,0.00,0.00,33.00,0.00,0.00,0.00,0.00,33.00,33.00,0.00,0.00,33.00,0.00,0.00,0.00,0.00,66.00,33.00,99.00,33.00,0.00,0.00,0.00,0.00
1763512762.801398,0.00,0.00,33.00,0.00,0.00,0.00,0.00,33.00,33.00,0.00,0.00,33.00,0.00,0.00,0.00,0.00,66.00,33.00,99.00,33.00,0.00,0.00,0.00,0.00
1763512762.802007,0.00,0.00,33.00,0.00,0.00,0.00,0.00,33.00,33.00,0.00,0.00,33.00,0.00,0.00,0.00,0.00,66.00,33.00,99.00,33.00,0.00,0.00,0.00,0.00
1763512767.0077922,0.00,0.00,33.00,0.00,0.00,0.00,0.00,33.00,33.00,0.00,0.00,33.00,0.00,0.00,0.00,0.00,66.00,33.00,99.00,33.00,0.00,0.00,0.00,0.00
1763512767.0087497,0.00,0.00,33.00,0.00,0.00,0.00,0.00,33.00,33.00,0.00,0.00,33.00,0.00,0.00,0.00,0.00,66.00,33.00,99.00,33.00,0.00,0.00,0.00,0.00
1763512772.0103917,0.00,0.00,33.00,0.00,0.00,0.00,0.00,33.00,33.00,0.00,0.00,33.00,0.00,0.00,0.00,0.00,66.00,33.00,33.00,33.00,0.00,0.00,0.00,0.00
1763512772.0113397,0.00,0.00,33.00,0.00,0.00,0.00,0.00,33.00,33.00,0.00,0.00,33.00,0.00,0.00,0.00,0.00,66.00,33.00,33.00,33.00,0.00,0.00,0.00,0.00
1763512772.0889454,0.00,0.00,33.00,0.00,0.00,0.00,0.00,33.00,33.00,0.00,0.00,33.00,0.00,0.00,0.00,0.00,66.00,33.00,33.00,33.00,0.00,0.00,0.00,0.00
1763512772.089679,0.00,0.00,33.00,0.00,0.00,0.00,0.00,33.00,33.00,0.00,0.00,33.00,0.00,0.00,0.00,0.00,66.00,33.00,33.00,33.00,0.00,0.00,0.00,0.00
1763512782.0185926,0.00,0.00,33.00,0.00,0.00,0.00,0.00,33.00,33.00,0.00,0.00,33.00,0.00,0.00,0.00,0.00,33.00,33.00,66.00,33.00,0.00,0.00,0.00,0.00
1763512782.0194578,0.00,0.00,33.00,0.00,0.00,0.00,0.00,33.00,33.00,0.00,0.00,33.00,0.00,0.00,0.00,0.00,33.00,33.00,66.00,33.00,0.00,0.00,0.00,0.00
1763512782.0942547,0.00,0.00,33.00,0.00,0.00,0.00,0.00,33.00,33.00,0.00,0.00,33.00,0.00,0.00,0.00,0.00,33.00,33.00,99.00,33.00,0.00,0.00,0.00,0.00
1763512782.0953999,0.00,0.00,33.00,0.00,0.00,0.00,0.00,33.00,33.00,0.00,0.00,33.00,0.00,0.00,0.00,0.00,33.00,33.00,99.00,33.00,0.00,0.00,0.00,0.00
1763512783.263409,0.00,0.00,33.00,0.00,0.00,0.00,0.00,33.00,33.00,0.00,33.00,33.00,0.00,0.00,0.00,0.00,33.00,33.00,99.00,33.00,0.00,0.00,0.00,0.00
1763512783.264364,0.00,0.00,33.00,0.00,0.00,0.00,0.00,33.00,33.00,0.00,33.00,33.00,0.00,0.00,0.00,0.00,33.00,33.00,99.00,33.00,0.00,0.00,0.00,0.00
1763512783.3418896,0.00,0.00,33.00,0.00,0.00,0.00,0.00,33.00,33.00,0.00,33.00,33.00,0.00,0.00,0.00,0.00,66.00,33.00,99.00,33.00,0.00,0.00,0.00,0.00
1763512783.3428118,0.00,0.00,33.00,0.00,0.00,0.00,0.00,33.00,33.00,0.00,33.00,33.00,0.00,0.00,0.00,0.00,66.00,33.00,99.00,33.00,0.00,0.00,0.00,0.00
1763512783.4201744,0.00,0.00,33.00,0.00,0.00,0.00,0.00,33.00,33.00,0.00,33.00,33.00,0.00,0.00,33.00,0.00,66.00,33.00,99.00,33.00,0.00,0.00,0.00,0.00
1763512783.4210918,0.00,0.00,33.00,0.00,0.00,0.00,0.00,33.00,33.00,0.00,33.00,33.00,0.00,0.00,33.00,0.00,66.00,33.00,99.00,33.00,0.00,0.00,0.00,0.00
1763512783.5025735,0.00,0.00,33.00,0.00,0.00,0.00,0.00,33.00,33.00,0.00,33.00,33.00,0.00,0.00,33.00,0.00,66.00,33.00,99.00,33.00,0.00,0.00,0.00,0.00
1763512783.503486,0.00,0.00,33.00,0.00,0.00,0.00,0.00,33.00,33.00,0.00,33.00,33.00,0.00,0.00,33.00,0.00,66.00,33.00,99.00,33.00,0.00,0.00,0.00,0.00
1763512783.58314,0.00,0.00,33.00,0.00,0.00,0.00,0.00,33.00,33.00,0.00,33.00,33.00,0.00,0.00,33.00,0.00,66.00,33.00,99.00,33.00,0.00,0.00,0.00,0.00
1763512783.5840733,0.00,0.00,33.00,0.00,0.00,0.00,0.00,33.00,33.00,0.00,33.00,33.00,0.00,0.00,33.00,0.00,66.00,33.00,99.00,33.00,0.00,0.00,0.00,0.00
1763512783.8272152,0.00,0.00,33.00,0.00,0.00,0.00,0.00,33.00,33.00,0.00,33.00,33.00,0.00,0.00,33.00,0.00,66.00,33.00,99.00,33.00,0.00,0.00,0.00,0.00
1763512783.8281522,0.00,0.00,33.00,0.00,0.00,0.00,0.00,33.00,33.00,0.00,33.00,33.00,0.00,0.00,33.00,0.00,66.00,33.00,99.00,33.00,0.00,0.00,0.00,0.00
1763512787.0049078,0.00,0.00,33.00,0.00,0.00,0.00,0.00,33.00,33.00,0.00,33.00,33.00,0.00,0.00,33.00,0.00,66.00,33.00,33.00,33.00,0.00,0.00,0.00,0.00
1763512787.0054548,0.00,0.00,33.00,0.00,0.00,0.00,0.00,33.00,33.00,0.00,33.00,33.00,0.00,0.00,33.00,0.00,66.00,33.00,33.00,33.00,0.00,0.00,0.00,0.00
1763512787.080171,0.00,0.00,33.00,0.00,0.00,0.00,0.00,33.00,33.00,0.00,33.00,33.00,0.00,0.00,33.00,0.00,66.00,33.00,66.00,33.00,0.00,0.00,0.00,0.00
1763512787.0813837,0.00,0.00,33.00,0.00,0.00,0.00,0.00,33.00,33.00,0.00,33.00,33.00,0.00,0.00,33.00,0.00,66.00,33.00,66.00,33.00,0.00,0.00,0.00,0.00
1763512797.307254,0.00,0.00,33.00,0.00,0.00,0.00,0.00,33.00,33.00,0.00,33.00,33.00,0.00,0.00,33.00,0.00,66.00,33.00,66.00,33.00,0.00,0.00,0.00,0.00
1763512797.3084629,0.00,0.00,33.00,0.00,0.00,0.00,0.00,33.00,33.00,0.00,33.00,33.00,0.00,0.00,33.00,0.00,66.00,33.00,66.00,33.00,0.00,0.00,0.00,0.00
1763512797.3843906,0.00,0.00,33.00,0.00,0.00,0.00,0.00,33.00,33.00,0.00,33.00,33.00,0.00,0.00,33.00,0.00,66.00,33.00,66.00,33.00,0.00,0.00,0.00,0.00
1763512797.3860664,0.00,0.00,33.00,0.00,0.00,0.00,0.00,33.00,33.00,0.00,33.00,33.00,0.00,0.00,33.00,0.00,66.00,33.00,66.00,33.00,0.00,0.00,0.00,0.00
1763512797.4561687,0.00,0.00,33.00,0.00,0.00,0.00,0.00,33.00,33.00,0.00,33.00,33.00,0.00,0.00,33.00,0.00,66.00,33.00,66.00,33.00,0.00,0.00,0.00,0.00
1763512797.4567115,0.00,0.00,33.00,0.00,0.00,0.00,0.00,33.00,33.00,0.00,33.00,33.00,0.00,0.00,33.00,0.00,66.00,33.00,66.00,33.00,0.00,0.00,0.00,0.00
1763512797.5123167,0.00,0.00,33.00,0.00,0.00,0.00,0.00,33.00,33.00,0.00,33.00,33.00,0.00,0.00,33.00,0.00,66.00,33.00,66.00,33.00,0.00,0.00,0.00,0.00
1763512797.5128655,0.00,0.00,33.00,0.00,0.00,0.00,0.00,33.00,33.00,0.00,33.00,33.00,0.00,0.00,33.00,0.00,66.00,33.00,66.00,33.00,0.00,0.00,0.00,0.00
1763512797.5651345,0.00,0.00,33.00,0.00,0.00,0.00,0.00,33.00,33.00,0.00,33.00,33.00,0.00,0.00,33.00,0.00,66.00,33.00,66.00,33.00,0.00,0.00,0.00,0.00
1763512797.5656877,0.00,0.00,33.00,0.00,0.00,0.00,0.00,33.00,33.00,0.00,33.00,33.00,0.00,0.00,33.00,0.00,66.00,33.00,66.00,33.00,0.00,0.00,0.00,0.00
1763512797.6447601,0.00,0.00,33.00,0.00,0.00,0.00,0.00,33.00,33.00,0.00,33.00,33.00,0.00,0.00,33.00,0.00,66.00,33.00,66.00,33.00,0.00,0.00,0.00,0.00
1763512797.6456895,0.00,0.00,33.00,0.00,0.00,0.00,0.00,33.00,33.00,0.00,33.00,33.00,0.00,0.00,33.00,0.00,66.00,33.00,66.00,33.00,0.00,0.00,0.00,0.00
1763512814.2917063,0.00,0.00,33.00,0.00,0.00,0.00,0.00,33.00,33.00,0.00,33.00,0.00,0.00,0.00,33.00,0.00,66.00,33.00,33.00,33.00,0.00,0.00,0.00,0.00
1763512814.2926133,0.00,0.00,33.00,0.00,0.00,0.00,0.00,33.00,33.00,0.00,33.00,0.00,0.00,0.00,33.00,0.00,66.00,33.00,33.00,33.00,0.00,0.00,0.00,0.00
1763512814.525412,0.00,0.00,33.00,0.00,0.00,0.00,0.00,33.00,33.00,0.00,33.00,0.00,0.00,0.00,33.00,0.00,66.00,33.00,33.00,33.00,0.00,0.00,0.00,0.00
1763512814.526355,0.00,0.00,33.00,0.00,0.00,0.00,0.00,33.00,33.00,0.00,33.00,0.00,0.00,0.00,33.00,0.00,66.00,33.00,33.00,33.00,0.00,0.00,0.00,0.00
1763512814.607429,0.00,0.00,33.00,0.00,0.00,0.00,0.00,33.00,33.00,0.00,33.00,0.00,0.00,0.00,33.00,0.00,66.00,33.00,33.00,33.00,0.00,0.00,0.00,0.00
1763512814.6083577,0.00,0.00,33.00,0.00,0.00,0.00,0.00,33.00,33.00,0.00,33.00,0.00,0.00,0.00,33.00,0.00,66.00,33.00,33.00,33.00,0.00,0.00,0.00,0.00
1763512814.6867661,0.00,0.00,33.00,0.00,0.00,0.00,0.00,33.00,33.00,0.00,33.00,33.00,0.00,0.00,33.00,0.00,66.00,33.00,33.00,33.00,0.00,0.00,0.00,0.00
1763512814.6876907,0.00,0.00,33.00,0.00,0.00,0.00,0.00,33.00,33.00,0.00,33.00,33.00,0.00,0.00,33.00,0.00,66.00,33.00,33.00,33.00,0.00,0.00,0.00,0.00
1763512814.7725832,0.00,0.00,33.00,0.00,0.00,0.00,0.00,33.00,33.00,0.00,33.00,33.00,0.00,0.00,33.00,0.00,66.00,33.00,33.00,33.00,0.00,0.00,0.00,0.00
1763512814.7735448,0.00,0.00,33.00,0.00,0.00,0.00,0.00,33.00,33.00,0.00,33.00,33.00,0.00,0.00,33.00,0.00,66.00,33.00,33.00,33.00,0.00,0.00,0.00,0.00
1763512814.8495073,0.00,0.00,33.00,0.00,0.00,0.00,0.00,33.00,33.00,0.00,33.00,33.00,0.00,0.00,33.00,0.00,66.00,33.00,33.00,33.00,0.00,0.00,0.00,0.00
1763512814.850446,0.00,0.00,33.00,0.00,0.00,0.00,0.00,33.00,33.00,0.00,33.00,33.00,0.00,0.00,33.00,0.00,66.00,33.00,33.00,33.00,0.00,0.00,0.00,0.00
1763512822.0635247,0.00,0.00,33.00,0.00,0.00,0.00,0.00,33.00,0.00,0.00,33.00,33.00,0.00,0.00,33.00,0.00,66.00,33.00,33.00,33.00,0.00,0.00,0.00,0.00
1763512822.0649848,0.00,0.00,33.00,0.00,0.00,0.00,0.00,33.00,0.00,0.00,33.00,33.00,0.00,0.00,33.00,0.00,66.00,33.00,33.00,33.00,0.00,0.00,0.00,0.00
1763512832.0611954,0.00,0.00,33.00,0.00,0.00,0.00,0.00,33.00,0.00,0.00,33.00,33.00,0.00,0.00,33.00,0.00,66.00,33.00,66.00,33.00,0.00,0.00,0.00,0.00
1763512832.0621216,0.00,0.00,33.00,0.00,0.00,0.00,0.00,33.00,0.00,0.00,33.00,33.00,0.00,0.00,33.00,0.00,66.00,33.00,66.00,33.00,0.00,0.00,0.00,0.00
1763512832.1447926,0.00,0.00,33.00,0.00,0.00,0.00,0.00,33.00,0.00,0.00,33.00,33.00,0.00,0.00,33.00,0.00,66.00,33.00,99.00,33.00,0.00,0.00,0.00,0.00
1763512832.1455178,0.00,0.00,33.00,0.00,0.00,0.00,0.00,33.00,0.00,0.00,33.00,33.00,0.00,0.00,33.00,0.00,66.00,33.00,99.00,33.00,0.00,0.00,0.00,0.00
1763512836.295566,0.00,0.00,33.00,0.00,0.00,0.00,0.00,33.00,0.00,0.00,33.00,33.00,0.00,0.00,33.00,0.00,99.00,33.00,99.00,33.00,0.00,0.00,0.00,0.00
1763512836.296527,0.00,0.00,33.00,0.00,0.00,0.00,0.00,33.00,0.00,0.00,33.00,33.00,0.00,0.00,33.00,0.00,99.00,33.00,99.00,33.00,0.00,0.00,0.00,0.00
1763512836.3751493,0.00,0.00,33.00,0.00,0.00,0.00,0.00,33.00,0.00,0.00,33.00,33.00,0.00,0.00,33.00,0.00,99.00,33.00,99.00,33.00,0.00,0.00,0.00,0.00
1763512836.3760836,0.00,0.00,33.00,0.00,0.00,0.00,0.00,33.00,0.00,0.00,33.00,33.00,0.00,0.00,33.00,0.00,99.00,33.00,99.00,33.00,0.00,0.00,0.00,0.00
1763512836.5158396,0.00,0.00,33.00,0.00,0.00,0.00,0.00,33.00,0.00,0.00,33.00,33.00,0.00,0.00,33.00,0.00,99.00,33.00,99.00,33.00,0.00,0.00,0.00,0.00
1763512836.5163972,0.00,0.00,33.00,0.00,0.00,0.00,0.00,33.00,0.00,0.00,33.00,33.00,0.00,0.00,33.00,0.00,99.00,33.00,99.00,33.00,0.00,0.00,0.00,0.00
1763512836.5793414,0.00,0.00,33.00,0.00,0.00,0.00,0.00,33.00,0.00,0.00,33.00,33.00,0.00,0.00,33.00,0.00,99.00,33.00,99.00,33.00,0.00,0.00,0.00,0.00
1763512836.5798783,0.00,0.00,33.00,0.00,0.00,0.00,0.00,33.00,0.00,0.00,33.00,33.00,0.00,0.00,33.00,0.00,99.00,33.00,99.00,33.00,0.00,0.00,0.00,0.00
1763512836.6385386,0.00,0.00,33.00,0.00,0.00,0.00,0.00,33.00,0.00,0.00,33.00,33.00,0.00,0.00,33.00,0.00,99.00,33.00,99.00,33.00,0.00,0.00,0.00,0.00
1763512836.6391137,0.00,0.00,33.00,0.00,0.00,0.00,0.00,33.00,0.00,0.00,33.00,33.00,0.00,0.00,33.00,0.00,99.00,33.00,99.00,33.00,0.00,0.00,0.00,0.00
1763512836.6972141,0.00,0.00,33.00,0.00,0.00,0.00,0.00,33.00,0.00,0.00,33.00,33.00,0.00,0.00,33.00,0.00,99.00,33.00,99.00,33.00,0.00,0.00,0.00,0.00
1763512836.6977694,0.00,0.00,33.00,0.00,0.00,0.00,0.00,33.00,0.00,0.00,33.00,33.00,0.00,0.00,33.00,0.00,99.00,33.00,99.00,33.00,0.00,0.00,0.00,0.00
1763512837.0415957,0.00,0.00,33.00,0.00,0.00,0.00,0.00,33.00,0.00,0.00,33.00,33.00,0.00,0.00,33.00,0.00,99.00,33.00,99.00,33.00,0.00,0.00,0.00,0.00
1763512837.0421565,0.00,0.00,33.00,0.00,0.00,0.00,0.00,33.00,0.00,0.00,33.00,33.00,0.00,0.00,33.00,0.00,99.00,33.00,99.00,33.00,0.00,0.00,0.00,0.00
1763512837.1034715,0.00,0.00,33.00,0.00,0.00,0.00,0.00,33.00,0.00,0.00,66.00,33.00,0.00,0.00,33.00,0.00,99.00,33.00,99.00,33.00,0.00,0.00,0.00,0.00
1763512837.1040423,0.00,0.00,33.00,0.00,0.00,0.00,0.00,33.00,0.00,0.00,66.00,33.00,0.00,0.00,33.00,0.00,99.00,33.00,99.00,33.00,0.00,0.00,0.00,0.00
1763512837.147819,0.00,0.00,33.00,0.00,0.00,0.00,0.00,33.00,0.00,0.00,66.00,33.00,0.00,0.00,33.00,0.00,99.00,33.00,99.00,33.00,0.00,0.00,0.00,0.00
1763512837.1486924,0.00,0.00,33.00,0.00,0.00,0.00,0.00,33.00,0.00,0.00,66.00,33.00,0.00,0.00,33.00,0.00,99.00,33.00,99.00,33.00,0.00,0.00,0.00,0.00
1763512842.0805225,0.00,0.00,33.00,0.00,0.00,0.00,0.00,33.00,0.00,0.00,66.00,33.00,0.00,0.00,33.00,0.00,99.00,33.00,99.00,33.00,0.00,0.00,0.00,0.00
1763512842.0814557,0.00,0.00,33.00,0.00,0.00,0.00,0.00,33.00,0.00,0.00,66.00,33.00,0.00,0.00,33.00,0.00,99.00,33.00,99.00,33.00,0.00,0.00,0.00,0.00
1763512842.1528692,0.00,0.00,33.00,0.00,0.00,0.00,0.00,33.00,0.00,0.00,99.00,33.00,0.00,0.00,33.00,0.00,99.00,33.00,99.00,33.00,0.00,0.00,0.00,0.00
1763512842.1537898,0.00,0.00,33.00,0.00,0.00,0.00,0.00,33.00,0.00,0.00,99.00,33.00,0.00,0.00,33.00,0.00,99.00,33.00,99.00,33.00,0.00,0.00,0.00,0.00
1763512847.2367702,0.00,0.00,33.00,0.00,0.00,0.00,0.00,33.00,0.00,0.00,66.00,33.00,0.00,0.00,33.00,0.00,33.00,33.00,99.00,33.00,0.00,0.00,0.00,0.00
1763512847.2374978,0.00,0.00,33.00,0.00,0.00,0.00,0.00,33.00,0.00,0.00,66.00,33.00,0.00,0.00,33.00,0.00,33.00,33.00,99.00,33.00,0.00,0.00,0.00,0.00
1763512847.3302546,0.00,0.00,33.00,0.00,0.00,0.00,0.00,33.00,0.00,0.00,66.00,33.00,0.00,0.00,33.00,0.00,33.00,33.00,99.00,33.00,0.00,0.00,0.00,0.00
1763512847.331421,0.00,0.00,33.00,0.00,0.00,0.00,0.00,33.00,0.00,0.00,66.00,33.00,0.00,0.00,33.00,0.00,33.00,33.00,99.00,33.00,0.00,0.00,0.00,0.00
1763512852.0945826,0.00,0.00,33.00,0.00,0.00,0.00,0.00,33.00,0.00,0.00,33.00,33.00,0.00,0.00,33.00,0.00,33.00,33.00,99.00,33.00,0.00,0.00,0.00,0.00
1763512852.095182,0.00,0.00,33.00,0.00,0.00,0.00,0.00,33.00,0.00,0.00,33.00,33.00,0.00,0.00,33.00,0.00,33.00,33.00,99.00,33.00,0.00,0.00,0.00,0.00
1763512857.0754855,0.00,0.00,33.00,0.00,0.00,0.00,0.00,33.00,0.00,0.00,33.00,33.00,0.00,0.00,0.00,0.00,33.00,33.00,99.00,33.00,0.00,0.00,0.00,0.00
1763512857.0760362,0.00,0.00,33.00,0.00,0.00,0.00,0.00,33.00,0.00,0.00,33.00,33.00,0.00,0.00,0.00,0.00,33.00,33.00,99.00,33.00,0.00,0.00,0.00,0.00
1763512862.301387,0.00,0.00,33.00,0.00,0.00,0.00,0.00,33.00,0.00,0.00,66.00,33.00,0.00,0.00,0.00,0.00,33.00,33.00,99.00,33.00,0.00,0.00,0.00,0.00
1763512862.3025496,0.00,0.00,33.00,0.00,0.00,0.00,0.00,33.00,0.00,0.00,66.00,33.00,0.00,0.00,0.00,0.00,33.00,33.00,99.00,33.00,0.00,0.00,0.00,0.00
1763512862.3925436,0.00,0.00,33.00,0.00,0.00,0.00,0.00,33.00,0.00,0.00,66.00,33.00,0.00,0.00,0.00,0.00,66.00,33.00,99.00,33.00,0.00,0.00,0.00,0.00
1763512862.3941817,0.00,0.00,33.00,0.00,0.00,0.00,0.00,33.00,0.00,0.00,66.00,33.00,0.00,0.00,0.00,0.00,66.00,33.00,99.00,33.00,0.00,0.00,0.00,0.00
1763512862.483361,0.00,0.00,33.00,0.00,0.00,0.00,0.00,33.00,0.00,0.00,66.00,33.00,0.00,0.00,0.00,0.00,66.00,33.00,99.00,33.00,0.00,0.00,0.00,0.00
1763512862.4840293,0.00,0.00,33.00,0.00,0.00,0.00,0.00,33.00,0.00,0.00,66.00,33.00,0.00,0.00,0.00,0.00,66.00,33.00,99.00,33.00,0.00,0.00,0.00,0.00
1763512862.5788822,0.00,0.00,33.00,0.00,0.00,0.00,0.00,33.00,0.00,0.00,66.00,33.00,0.00,0.00,0.00,0.00,66.00,33.00,99.00,33.00,0.00,0.00,0.00,0.00
1763512862.5797994,0.00,0.00,33.00,0.00,0.00,0.00,0.00,33.00,0.00,0.00,66.00,33.00,0.00,0.00,0.00,0.00,66.00,33.00,99.00,33.00,0.00,0.00,0.00,0.00
1763512862.6640143,0.00,0.00,33.00,0.00,0.00,0.00,0.00,33.00,0.00,0.00,66.00,33.00,0.00,0.00,0.00,0.00,66.00,33.00,99.00,33.00,0.00,0.00,0.00,0.00
1763512862.6649253,0.00,0.00,33.00,0.00,0.00,0.00,0.00,33.00,0.00,0.00,66.00,33.00,0.00,0.00,0.00,0.00,66.00,33.00,99.00,33.00,0.00,0.00,0.00,0.00
1763512862.8215132,0.00,0.00,33.00,0.00,0.00,0.00,0.00,33.00,0.00,0.00,66.00,33.00,0.00,0.00,0.00,0.00,66.00,33.00,99.00,33.00,0.00,0.00,0.00,0.00
1763512862.822168,0.00,0.00,33.00,0.00,0.00,0.00,0.00,33.00,0.00,0.00,66.00,33.00,0.00,0.00,0.00,0.00,66.00,33.00,99.00,33.00,0.00,0.00,0.00,0.00
