timestamp,2.,2.1,5.,5.1,6.,6.1,8.,8.1,9.,9.1,14.,14.1,18.,18.1,23.,23.1,25.,25.1,28.,28.1,33.,33.1,34.,34.1
1769796801.1960745,31.00,None,0.00,None,0.00,None,0.00,None,0.00,None,0.00,None,0.00,None,0.00,None,0.00,None,0.00,None,0.00,None,0.00,None
1769796801.1970007,31.00,None,0.00,None,0.00,None,0.00,None,0.00,None,0.00,None,0.00,None,0.00,None,0.00,None,0.00,None,0.00,None,0.00,None
1769796801.236691,53.67,None,0.00,None,0.00,None,0.00,None,0.00,None,0.00,None,0.00,None,0.00,None,0.00,None,0.00,None,0.00,None,0.00,None
1769796801.237431,53.67,None,0.00,None,0.00,None,0.00,None,0.00,None,0.00,None,0.00,None,0.00,None,0.00,None,0.00,None,0.00,None,0.00,None
1769796801.2730105,67.34,None,0.00,None,0.00,None,0.00,None,0.00,None,0.00,None,0.00,None,0.00,None,9.00,None,0.00,None,0.00,None,0.00,None
1769796801.2738097,67.34,None,0.00,None,0.00,None,0.00,None,0.00,None,0.00,None,0.00,None,0.00,None,9.00,None,0.00,None,0.00,None,0.00,None
1769796801.3077796,69.01,None,0.00,None,0.00,None,0.00,None,0.00,None,0.00,None,0.00,None,0.00,None,34.00,None,0.00,None,0.00,None,0.00,None
1769796801.3085823,69.01,None,0.00,None,0.00,None,0.00,None,0.00,None,0.00,None,0.00,None,0.00,None,34.00,None,0.00,None,0.00,None,0.00,None
1769796801.3433754,69.01,None,0.00,None,0.00,None,0.00,None,0.00,None,0.00,None,0.00,None,0.00,None,59.33,None,0.00,None,0.00,None,0.00,None
1769796801.344145,69.01,None,0.00,None,0.00,None,0.00,None,0.00,None,0.00,None,0.00,None,0.00,None,59.33,None,0.00,None,0.00,None,0.00,None
1769796801.3818955,69.01,None,0.00,None,0.00,None,0.00,None,21.00,None,0.00,None,0.00,None,0.00,None,61.00,None,0.00,None,0.00,None,0.00,None
1769796801.3827019,69.01,None,0.00,None,0.00,None,0.00,None,21.00,None,0.00,None,0.00,None,0.00,None,61.00,None,0.00,None,0.00,None,0.00,None
1769796821.1799355,69.01,None,0.00,None,0.00,None,0.00,None,50.33,None,0.00,None,0.00,None,0.00,None,61.00,None,0.00,None,0.00,None,0.00,None
1769796821.180452,69.01,None,0.00,None,0.00,None,0.00,None,50.33,None,0.00,None,0.00,None,0.00,None,61.00,None,0.00,None,0.00,None,0.00,None
1769796821.2114406,69.01,None,0.00,None,0.00,None,9.00,None,64.00,None,0.00,None,0.00,None,0.00,None,61.00,None,0.00,None,0.00,None,0.00,None
1769796821.2119787,69.01,None,0.00,None,0.00,None,9.00,None,64.00,None,0.00,None,0.00,None,0.00,None,61.00,None,0.00,None,0.00,None,0.00,None
1769796821.2514656,69.01,None,0.00,None,0.00,None,35.00,None,65.67,None,0.00,None,0.00,None,0.00,None,61.00,None,0.00,None,0.00,None,0.00,None
1769796821.2523685,69.01,None,0.00,None,0.00,None,35.00,None,65.67,None,0.00,None,0.00,None,0.00,None,61.00,None,0.00,None,0.00,None,0.00,None
1769796821.2862313,69.01,None,0.00,None,0.00,None,35.00,None,65.67,None,0.00,None,0.00,None,0.00,None,80.00,None,0.00,None,0.00,None,0.00,None
1769796821.286739,69.01,None,0.00,None,0.00,None,35.00,None,65.67,None,0.00,None,0.00,None,0.00,None,80.00,None,0.00,None,0.00,None,0.00,None
1769796821.327233,69.01,None,0.00,None,0.00,None,35.00,None,65.67,None,0.00,None,0.00,None,0.00,None,97.67,None,0.00,None,0.00,None,0.00,None
1769796821.3277745,69.01,None,0.00,None,0.00,None,35.00,None,65.67,None,0.00,None,0.00,None,0.00,None,97.67,None,0.00,None,0.00,None,0.00,None
1769796821.3539016,69.01,None,0.00,None,0.00,None,52.67,None,69.00,None,0.00,None,0.00,None,1.67,None,97.67,None,4.00,None,0.00,None,0.00,None
1769796821.354462,69.01,None,0.00,None,0.00,None,52.67,None,69.00,None,0.00,None,0.00,None,1.67,None,97.67,None,4.00,None,0.00,None,0.00,None
1769796839.1926582,69.01,None,0.00,None,0.00,None,52.67,None,69.00,None,0.00,None,0.00,None,1.67,None,128.67,None,4.00,None,0.00,None,0.00,None
1769796839.1934,69.01,None,0.00,None,0.00,None,52.67,None,69.00,None,0.00,None,0.00,None,1.67,None,128.67,None,4.00,None,0.00,None,0.00,None
1769796839.2264442,69.01,None,0.00,None,0.00,None,61.67,None,69.00,None,8.33,None,0.00,None,1.67,None,128.67,None,4.00,None,0.00,None,0.00,None
1769796839.2272115,69.01,None,0.00,None,0.00,None,61.67,None,69.00,None,8.33,None,0.00,None,1.67,None,128.67,None,4.00,None,0.00,None,0.00,None
1769796839.263307,69.01,None,0.00,None,0.00,None,61.67,None,69.00,None,17.33,None,0.00,None,9.00,None,128.67,None,12.67,None,0.00,None,0.00,None
1769796839.2641082,69.01,None,0.00,None,0.00,None,61.67,None,69.00,None,17.33,None,0.00,None,9.00,None,128.67,None,12.67,None,0.00,None,0.00,None
1769796839.4177341,69.01,None,1.67,None,3.33,None,79.34,None,69.00,None,17.33,None,0.00,None,9.00,None,128.67,None,16.67,None,0.00,None,0.00,None
1769796839.4185493,69.01,None,1.67,None,3.33,None,79.34,None,69.00,None,17.33,None,0.00,None,9.00,None,128.67,None,16.67,None,0.00,None,0.00,None
1769796839.4579496,69.01,None,1.67,None,3.33,None,87.67,None,69.00,None,26.33,None,0.00,None,9.00,None,128.67,None,25.34,None,0.00,None,0.00,None
1769796839.4587622,69.01,None,1.67,None,3.33,None,87.67,None,69.00,None,26.33,None,0.00,None,9.00,None,128.67,None,25.34,None,0.00,None,0.00,None
1769796839.498752,69.01,None,1.67,None,5.00,None,87.67,None,69.00,None,35.33,None,0.00,None,12.33,None,128.67,None,34.01,None,0.00,None,0.00,None
1769796839.499613,69.01,None,1.67,None,5.00,None,87.67,None,69.00,None,35.33,None,0.00,None,12.33,None,128.67,None,34.01,None,0.00,None,0.00,None
1769796865.1912057,69.01,None,1.67,None,5.00,None,109.67,None,69.00,None,44.33,None,0.00,None,12.33,None,128.67,None,34.01,None,0.00,None,0.00,None
1769796865.1916854,69.01,None,1.67,None,5.00,None,109.67,None,69.00,None,44.33,None,0.00,None,12.33,None,128.67,None,34.01,None,0.00,None,0.00,None
1769796865.2332885,69.01,None,1.67,None,5.00,None,123.34,None,69.00,None,53.33,None,0.00,None,12.33,None,128.67,None,34.01,None,0.00,None,0.00,None
1769796865.2338216,69.01,None,1.67,None,5.00,None,123.34,None,69.00,None,53.33,None,0.00,None,12.33,None,128.67,None,34.01,None,0.00,None,0.00,None
1769796865.2615528,69.01,None,1.67,None,5.00,None,126.67,None,69.00,None,81.00,None,0.00,None,12.33,None,128.67,None,34.01,None,0.00,None,0.00,None
1769796865.262066,69.01,None,1.67,None,5.00,None,126.67,None,69.00,None,81.00,None,0.00,None,12.33,None,128.67,None,34.01,None,0.00,None,0.00,None
1769796865.2854033,69.01,None,1.67,None,5.00,None,128.34,None,69.00,None,102.00,None,0.00,None,12.33,None,128.67,None,34.01,None,0.00,None,0.00,None
1769796865.2859285,69.01,None,1.67,None,5.00,None,128.34,None,69.00,None,102.00,None,0.00,None,12.33,None,128.67,None,34.01,None,0.00,None,0.00,None
1769796865.3166323,69.01,None,1.67,None,5.00,None,128.34,None,69.00,None,124.67,None,0.00,None,12.33,None,128.67,None,34.01,None,0.00,None,0.00,None
1769796865.3171787,69.01,None,1.67,None,5.00,None,128.34,None,69.00,None,124.67,None,0.00,None,12.33,None,128.67,None,34.01,None,0.00,None,0.00,None
1769796865.3425531,69.01,None,1.67,None,5.00,None,128.34,None,69.00,None,126.34,None,0.00,None,12.33,None,128.67,None,47.01,None,0.00,None,0.00,None
1769796865.3430684,69.01,None,1.67,None,5.00,None,128.34,None,69.00,None,126.34,None,0.00,None,12.33,None,128.67,None,47.01,None,0.00,None,0.00,None
1769796867.805851,69.01,None,1.67,None,5.00,None,119.34,None,55.33,None,126.34,None,0.00,None,16.33,None,125.67,None,56.01,None,0.00,None,0.00,None
1769796867.8067336,69.01,None,1.67,None,5.00,None,119.34,None,55.33,None,126.34,None,0.00,None,16.33,None,125.67,None,56.01,None,0.00,None,0.00,None
1769796867.8441465,69.01,None,1.67,None,5.00,None,128.01,None,68.66,None,126.34,None,0.00,None,16.33,None,125.67,None,56.01,None,0.00,None,0.00,None
1769796867.8449342,69.01,None,1.67,None,5.00,None,128.01,None,68.66,None,126.34,None,0.00,None,16.33,None,125.67,None,56.01,None,0.00,None,0.00,None
1769796872.811461,69.01,None,1.67,None,5.00,None,110.34,None,36.00,None,126.34,None,0.00,None,14.66,None,127.34,None,73.68,None,0.00,None,0.00,None
1769796872.8123791,69.01,None,1.67,None,5.00,None,110.34,None,36.00,None,126.34,None,0.00,None,14.66,None,127.34,None,73.68,None,0.00,None,0.00,None
1769796872.854135,69.01,None,1.67,None,5.00,None,110.34,None,36.00,None,126.34,None,0.00,None,14.66,None,129.01,None,95.68,None,0.00,None,0.00,None
1769796872.855055,69.01,None,1.67,None,5.00,None,110.34,None,36.00,None,126.34,None,0.00,None,14.66,None,129.01,None,95.68,None,0.00,None,0.00,None
1769796882.817803,67.34,None,1.67,None,5.00,None,110.34,None,37.67,None,126.34,None,0.00,None,14.66,None,129.01,None,95.68,None,0.00,None,0.00,None
1769796882.8187213,67.34,None,1.67,None,5.00,None,110.34,None,37.67,None,126.34,None,0.00,None,14.66,None,129.01,None,95.68,None,0.00,None,0.00,None
1769796884.2232316,67.34,None,1.67,None,5.00,None,110.34,None,37.67,None,126.34,None,0.00,None,14.66,None,129.01,None,116.68,None,0.00,None,0.00,None
1769796884.2241936,67.34,None,1.67,None,5.00,None,110.34,None,37.67,None,126.34,None,0.00,None,14.66,None,129.01,None,116.68,None,0.00,None,0.00,None
1769796884.2684267,67.34,None,1.67,None,5.00,None,119.34,None,37.67,None,126.34,None,0.00,None,14.66,None,129.01,None,128.68,None,0.00,None,0.00,None
1769796884.2693222,67.34,None,1.67,None,5.00,None,119.34,None,37.67,None,126.34,None,0.00,None,14.66,None,129.01,None,128.68,None,0.00,None,0.00,None
1769796884.3142114,67.34,None,1.67,None,5.00,None,128.01,None,37.67,None,126.34,None,0.00,None,14.66,None,129.01,None,128.68,None,0.00,None,0.00,None
1769796884.3151255,67.34,None,1.67,None,5.00,None,128.01,None,37.67,None,126.34,None,0.00,None,14.66,None,129.01,None,128.68,None,0.00,None,0.00,None
1769796884.3597686,67.34,None,1.67,None,5.00,None,128.01,None,37.67,None,126.34,None,0.00,None,14.66,None,129.01,None,128.68,None,0.00,None,0.00,None
1769796884.36069,67.34,None,1.67,None,5.00,None,128.01,None,37.67,None,126.34,None,0.00,None,14.66,None,129.01,None,128.68,None,0.00,None,0.00,None
1769796884.4082513,67.34,None,1.67,None,5.00,None,128.01,None,37.67,None,126.34,None,0.00,None,14.66,None,129.01,None,128.68,None,0.00,None,0.00,None
1769796884.4092975,67.34,None,1.67,None,5.00,None,128.01,None,37.67,None,126.34,None,0.00,None,14.66,None,129.01,None,128.68,None,0.00,None,0.00,None
1769796884.458821,67.34,None,1.67,None,5.00,None,128.01,None,37.67,None,126.34,None,0.00,None,14.66,None,129.01,None,128.68,None,0.00,None,0.00,None
1769796884.4598742,67.34,None,1.67,None,5.00,None,128.01,None,37.67,None,126.34,None,0.00,None,14.66,None,129.01,None,128.68,None,0.00,None,0.00,None
1769796887.9672487,38.67,None,1.67,None,5.00,None,128.01,None,37.67,None,126.34,None,0.00,None,14.66,None,127.34,None,106.68,None,0.00,None,0.00,None
1769796887.9682953,38.67,None,1.67,None,5.00,None,128.01,None,37.67,None,126.34,None,0.00,None,14.66,None,127.34,None,106.68,None,0.00,None,0.00,None
1769796888.0112486,59.67,None,1.67,None,5.00,None,128.01,None,37.67,None,126.34,None,0.00,None,14.66,None,127.34,None,106.68,None,0.00,None,0.00,None
1769796888.012186,59.67,None,1.67,None,5.00,None,128.01,None,37.67,None,126.34,None,0.00,None,14.66,None,127.34,None,106.68,None,0.00,None,0.00,None
1769796888.055257,63.67,None,1.67,None,5.00,None,128.01,None,58.67,None,126.34,None,0.00,None,14.66,None,127.34,None,106.68,None,0.00,None,0.00,None
1769796888.0562844,63.67,None,1.67,None,5.00,None,128.01,None,58.67,None,126.34,None,0.00,None,14.66,None,127.34,None,106.68,None,0.00,None,0.00,None
1769796892.8321357,67.00,None,1.67,None,5.00,None,128.01,None,67.34,None,126.34,None,0.00,None,14.66,None,94.67,None,106.68,None,0.00,None,0.00,None
1769796892.8331409,67.00,None,1.67,None,5.00,None,128.01,None,67.34,None,126.34,None,0.00,None,14.66,None,94.67,None,106.68,None,0.00,None,0.00,None
1769796892.8777668,67.00,None,5.67,None,5.00,None,128.01,None,67.34,None,126.34,None,0.00,None,14.66,None,115.67,None,106.68,None,0.00,None,0.00,None
1769796892.8787408,67.00,None,5.67,None,5.00,None,128.01,None,67.34,None,126.34,None,0.00,None,14.66,None,115.67,None,106.68,None,0.00,None,0.00,None
1769796899.2419448,67.00,None,5.67,None,5.00,None,128.01,None,67.34,None,126.34,None,0.00,None,14.66,None,115.67,None,124.35,None,0.00,None,0.00,None
1769796899.2430468,67.00,None,5.67,None,5.00,None,128.01,None,67.34,None,126.34,None,0.00,None,14.66,None,115.67,None,124.35,None,0.00,None,0.00,None
1769796899.2956264,67.00,None,5.67,None,5.00,None,128.01,None,67.34,None,126.34,None,0.00,None,14.66,None,115.67,None,124.35,None,9.00,None,0.00,None
1769796899.2966983,67.00,None,5.67,None,5.00,None,128.01,None,67.34,None,126.34,None,0.00,None,14.66,None,115.67,None,124.35,None,9.00,None,0.00,None
1769796899.3519285,67.00,None,5.67,None,5.00,None,128.01,None,67.34,None,126.34,None,0.00,None,14.66,None,124.67,None,124.35,None,9.00,None,0.00,None
1769796899.3530698,67.00,None,5.67,None,5.00,None,128.01,None,67.34,None,126.34,None,0.00,None,14.66,None,124.67,None,124.35,None,9.00,None,0.00,None
1769796899.404656,67.00,None,9.67,None,5.00,None,128.01,None,67.34,None,126.34,None,0.00,None,14.66,None,124.67,None,124.35,None,9.00,None,0.00,None
1769796899.4058266,67.00,None,9.67,None,5.00,None,128.01,None,67.34,None,126.34,None,0.00,None,14.66,None,124.67,None,124.35,None,9.00,None,0.00,None
1769796899.4633744,67.00,None,9.67,None,14.00,None,128.01,None,67.34,None,126.34,None,0.00,None,14.66,None,124.67,None,124.35,None,17.67,None,0.00,None
1769796899.464531,67.00,None,9.67,None,14.00,None,128.01,None,67.34,None,126.34,None,0.00,None,14.66,None,124.67,None,124.35,None,17.67,None,0.00,None
1769796899.5170953,67.00,None,14.00,None,14.00,None,128.01,None,67.34,None,126.34,None,0.00,None,23.66,None,124.67,None,124.35,None,17.67,None,0.00,None
1769796899.5181932,67.00,None,14.00,None,14.00,None,128.01,None,67.34,None,126.34,None,0.00,None,23.66,None,124.67,None,124.35,None,17.67,None,0.00,None
1769796902.850354,67.00,None,14.00,None,14.00,None,128.01,None,46.34,None,126.34,None,0.00,None,23.66,None,87.67,None,124.35,None,17.67,None,0.00,None
1769796902.8514926,67.00,None,14.00,None,14.00,None,128.01,None,46.34,None,126.34,None,0.00,None,23.66,None,87.67,None,124.35,None,17.67,None,0.00,None
1769796902.8846242,67.00,None,14.00,None,14.00,None,128.01,None,46.34,None,126.34,None,0.00,None,23.66,None,87.67,None,124.35,None,17.67,None,0.00,None
1769796902.8852093,67.00,None,14.00,None,14.00,None,128.01,None,46.34,None,126.34,None,0.00,None,23.66,None,87.67,None,124.35,None,17.67,None,0.00,None
1769796912.8455021,65.33,None,14.00,None,14.00,None,128.01,None,46.34,None,126.34,None,0.00,None,23.66,None,62.67,None,124.35,None,17.67,None,0.00,None
1769796912.8462164,65.33,None,14.00,None,14.00,None,128.01,None,46.34,None,126.34,None,0.00,None,23.66,None,62.67,None,124.35,None,17.67,None,0.00,None
1769796917.9407504,65.33,None,14.00,None,14.00,None,124.68,None,46.34,None,128.67,None,0.00,None,23.66,None,62.67,None,124.35,None,17.67,None,0.00,None
1769796917.9413714,65.33,None,14.00,None,14.00,None,124.68,None,46.34,None,128.67,None,0.00,None,23.66,None,62.67,None,124.35,None,17.67,None,0.00,None
1769796922.866587,65.33,None,12.33,None,10.67,None,107.01,None,46.34,None,128.67,None,0.00,None,23.66,None,62.67,None,120.35,None,17.67,None,0.00,None
1769796922.867689,65.33,None,12.33,None,10.67,None,107.01,None,46.34,None,128.67,None,0.00,None,23.66,None,62.67,None,120.35,None,17.67,None,0.00,None
1769796924.2504437,65.33,None,12.33,None,10.67,None,124.68,None,46.34,None,128.67,None,0.00,None,23.66,None,62.67,None,124.35,None,17.67,None,0.00,None
1769796924.2515576,65.33,None,12.33,None,10.67,None,124.68,None,46.34,None,128.67,None,0.00,None,23.66,None,62.67,None,124.35,None,17.67,None,0.00,None
1769796924.300063,65.33,None,12.33,None,10.67,None,124.68,None,46.34,None,128.67,None,0.00,None,23.66,None,62.67,None,124.35,None,17.67,None,0.00,None
1769796924.3007143,65.33,None,12.33,None,10.67,None,124.68,None,46.34,None,128.67,None,0.00,None,23.66,None,62.67,None,124.35,None,17.67,None,0.00,None
1769796924.3395228,65.33,None,12.33,None,10.67,None,124.68,None,46.34,None,128.67,None,0.00,None,23.66,None,71.67,None,124.35,None,17.67,None,0.00,None
1769796924.340152,65.33,None,12.33,None,10.67,None,124.68,None,46.34,None,128.67,None,0.00,None,23.66,None,71.67,None,124.35,None,17.67,None,0.00,None
1769796924.385753,65.33,None,12.33,None,10.67,None,124.68,None,46.34,None,128.67,None,0.00,None,23.66,None,71.67,None,124.35,None,26.67,None,0.00,None
1769796924.386422,65.33,None,12.33,None,10.67,None,124.68,None,46.34,None,128.67,None,0.00,None,23.66,None,71.67,None,124.35,None,26.67,None,0.00,None
1769796924.4304762,65.33,None,12.33,None,10.67,None,124.68,None,64.01,None,128.67,None,0.00,None,23.66,None,71.67,None,124.35,None,26.67,None,0.00,None
1769796924.4311736,65.33,None,12.33,None,10.67,None,124.68,None,64.01,None,128.67,None,0.00,None,23.66,None,71.67,None,124.35,None,26.67,None,0.00,None
1769796924.4907906,65.33,None,12.33,None,19.34,None,124.68,None,64.01,None,128.67,None,0.00,None,23.66,None,71.67,None,124.35,None,26.67,None,9.00,None
1769796924.4919758,65.33,None,12.33,None,19.34,None,124.68,None,64.01,None,128.67,None,0.00,None,23.66,None,71.67,None,124.35,None,26.67,None,9.00,None
1769796927.8712523,28.33,None,12.33,None,19.34,None,123.01,None,28.01,None,93.67,None,0.00,None,23.66,None,62.67,None,115.68,None,26.67,None,9.00,None
1769796927.8719733,28.33,None,12.33,None,19.34,None,123.01,None,28.01,None,93.67,None,0.00,None,23.66,None,62.67,None,115.68,None,26.67,None,9.00,None
1769796927.9085698,28.33,None,12.33,None,19.34,None,123.01,None,53.01,None,93.67,None,0.00,None,23.66,None,62.67,None,115.68,None,26.67,None,9.00,None
1769796927.9092667,28.33,None,12.33,None,19.34,None,123.01,None,53.01,None,93.67,None,0.00,None,23.66,None,62.67,None,115.68,None,26.67,None,9.00,None
1769796927.9428854,53.33,None,12.33,None,19.34,None,123.01,None,53.01,None,93.67,None,0.00,None,23.66,None,62.67,None,115.68,None,26.67,None,9.00,None
1769796927.9437306,53.33,None,12.33,None,19.34,None,123.01,None,53.01,None,93.67,None,0.00,None,23.66,None,62.67,None,115.68,None,26.67,None,9.00,None
1769796932.871663,50.00,None,12.33,None,19.34,None,114.01,None,44.34,None,118.67,None,0.00,None,23.66,None,58.67,None,103.68,None,26.67,None,9.00,None
1769796932.8722985,50.00,None,12.33,None,19.34,None,114.01,None,44.34,None,118.67,None,0.00,None,23.66,None,58.67,None,103.68,None,26.67,None,9.00,None
1769796932.9075716,62.00,None,12.33,None,19.34,None,114.01,None,53.34,None,118.67,None,0.00,None,23.66,None,62.67,None,103.68,None,26.67,None,9.00,None
1769796932.9082081,62.00,None,12.33,None,19.34,None,114.01,None,53.34,None,118.67,None,0.00,None,23.66,None,62.67,None,103.68,None,26.67,None,9.00,None
1769796936.2658386,62.00,None,12.33,None,19.34,None,122.68,None,53.34,None,127.67,None,0.00,None,23.66,None,66.67,None,103.68,None,26.67,None,9.00,None
1769796936.2669957,62.00,None,12.33,None,19.34,None,122.68,None,53.34,None,127.67,None,0.00,None,23.66,None,66.67,None,103.68,None,26.67,None,9.00,None
1769796936.5406728,62.00,None,12.33,None,19.34,None,122.68,None,53.34,None,127.67,None,0.00,None,23.66,None,75.67,None,112.35,None,26.67,None,9.00,None
1769796936.5421774,62.00,None,12.33,None,19.34,None,122.68,None,53.34,None,127.67,None,0.00,None,23.66,None,75.67,None,112.35,None,26.67,None,9.00,None
1769796936.6213288,62.00,None,12.33,None,19.34,None,122.68,None,57.34,None,127.67,None,0.00,None,23.66,None,84.67,None,121.02,None,26.67,None,9.00,None
1769796936.622495,62.00,None,12.33,None,19.34,None,122.68,None,57.34,None,127.67,None,0.00,None,23.66,None,84.67,None,121.02,None,26.67,None,9.00,None
1769796936.6782725,62.00,None,12.33,None,19.34,None,122.68,None,57.34,None,127.67,None,0.00,None,32.33,None,93.67,None,121.02,None,26.67,None,9.00,None
1769796936.6793957,62.00,None,12.33,None,19.34,None,122.68,None,57.34,None,127.67,None,0.00,None,32.33,None,93.67,None,121.02,None,26.67,None,9.00,None
1769796936.7357693,62.00,None,12.33,None,19.34,None,122.68,None,57.34,None,127.67,None,0.00,None,32.33,None,102.67,None,121.02,None,26.67,None,9.00,None
1769796936.7369506,62.00,None,12.33,None,19.34,None,122.68,None,57.34,None,127.67,None,0.00,None,32.33,None,102.67,None,121.02,None,26.67,None,9.00,None
1769796936.7933674,62.00,None,12.33,None,19.34,None,122.68,None,66.34,None,127.67,None,0.00,None,32.33,None,102.67,None,121.02,None,26.67,None,9.00,None
1769796936.794518,62.00,None,12.33,None,19.34,None,122.68,None,66.34,None,127.67,None,0.00,None,32.33,None,102.67,None,121.02,None,26.67,None,9.00,None
1769796937.8906212,25.00,None,8.33,None,17.67,None,88.35,None,55.67,None,118.67,None,0.00,None,25.00,None,83.00,None,64.01,None,26.67,None,9.00,None
1769796937.8917043,25.00,None,8.33,None,17.67,None,88.35,None,55.67,None,118.67,None,0.00,None,25.00,None,83.00,None,64.01,None,26.67,None,9.00,None
1769796937.9421265,46.00,None,8.33,None,17.67,None,88.35,None,55.67,None,118.67,None,0.00,None,25.00,None,83.00,None,64.01,None,26.67,None,9.00,None
1769796937.9433076,46.00,None,8.33,None,17.67,None,88.35,None,55.67,None,118.67,None,0.00,None,25.00,None,83.00,None,64.01,None,26.67,None,9.00,None
1769796952.9083762,54.67,None,8.33,None,17.67,None,100.01,None,55.67,None,87.67,None,0.00,None,25.00,None,83.00,None,64.01,None,26.67,None,9.00,None
1769796952.9095697,54.67,None,8.33,None,17.67,None,100.01,None,55.67,None,87.67,None,0.00,None,25.00,None,83.00,None,64.01,None,26.67,None,9.00,None
1769796957.309766,54.67,None,8.33,None,17.67,None,125.01,None,55.67,None,87.67,None,0.00,None,25.00,None,83.00,None,64.01,None,26.67,None,9.00,None
1769796957.3104382,54.67,None,8.33,None,17.67,None,125.01,None,55.67,None,87.67,None,0.00,None,25.00,None,83.00,None,64.01,None,26.67,None,9.00,None
1769796957.3692844,54.67,None,8.33,None,17.67,None,128.34,None,55.67,None,105.34,None,0.00,None,25.00,None,83.00,None,64.01,None,26.67,None,9.00,None
1769796957.370398,54.67,None,8.33,None,17.67,None,128.34,None,55.67,None,105.34,None,0.00,None,25.00,None,83.00,None,64.01,None,26.67,None,9.00,None
1769796957.4180114,54.67,None,8.33,None,17.67,None,128.34,None,55.67,None,127.01,None,0.00,None,25.00,None,83.00,None,64.01,None,26.67,None,9.00,None
1769796957.4186487,54.67,None,8.33,None,17.67,None,128.34,None,55.67,None,127.01,None,0.00,None,25.00,None,83.00,None,64.01,None,26.67,None,9.00,None
1769796957.4763565,67.67,None,8.33,None,17.67,None,128.34,None,64.34,None,127.01,None,0.00,None,25.00,None,83.00,None,64.01,None,26.67,None,9.00,None
1769796957.4775763,67.67,None,8.33,None,17.67,None,128.34,None,64.34,None,127.01,None,0.00,None,25.00,None,83.00,None,64.01,None,26.67,None,9.00,None
1769796957.527069,67.67,None,12.33,None,17.67,None,128.34,None,64.34,None,127.01,None,8.67,None,25.00,None,83.00,None,64.01,None,26.67,None,9.00,None
1769796957.5278103,67.67,None,12.33,None,17.67,None,128.34,None,64.34,None,127.01,None,8.67,None,25.00,None,83.00,None,64.01,None,26.67,None,9.00,None
1769796957.564513,67.67,None,21.00,None,17.67,None,128.34,None,64.34,None,127.01,None,8.67,None,25.00,None,92.00,None,68.01,None,26.67,None,9.00,None
1769796957.5653143,67.67,None,21.00,None,17.67,None,128.34,None,64.34,None,127.01,None,8.67,None,25.00,None,92.00,None,68.01,None,26.67,None,9.00,None
1769796957.9982553,67.67,None,21.00,None,17.67,None,128.34,None,64.34,None,127.01,None,8.67,None,25.00,None,113.67,None,47.01,None,26.67,None,9.00,None
1769796957.99898,67.67,None,21.00,None,17.67,None,128.34,None,64.34,None,127.01,None,8.67,None,25.00,None,113.67,None,47.01,None,26.67,None,9.00,None
1769796958.031116,67.67,None,21.00,None,17.67,None,128.34,None,64.34,None,127.01,None,8.67,None,25.00,None,122.34,None,56.01,None,26.67,None,9.00,None
1769796958.031734,67.67,None,21.00,None,17.67,None,128.34,None,64.34,None,127.01,None,8.67,None,25.00,None,122.34,None,56.01,None,26.67,None,9.00,None
1769796958.0638564,67.67,None,21.00,None,17.67,None,128.34,None,64.34,None,127.01,None,8.67,None,25.00,None,122.34,None,73.68,None,26.67,None,9.00,None
1769796958.0644913,67.67,None,21.00,None,17.67,None,128.34,None,64.34,None,127.01,None,8.67,None,25.00,None,122.34,None,73.68,None,26.67,None,9.00,None
1769796967.905233,13.00,None,21.00,None,17.67,None,120.68,None,39.34,None,121.34,None,8.67,None,17.67,None,122.34,None,82.68,None,26.67,None,9.00,None
1769796967.9058871,13.00,None,21.00,None,17.67,None,120.68,None,39.34,None,121.34,None,8.67,None,17.67,None,122.34,None,82.68,None,26.67,None,9.00,None
1769796972.9287784,44.00,None,21.00,None,17.67,None,63.34,None,39.34,None,73.34,None,8.67,None,17.67,None,122.34,None,52.01,None,26.67,None,9.00,None
1769796972.9298265,44.00,None,21.00,None,17.67,None,63.34,None,39.34,None,73.34,None,8.67,None,17.67,None,122.34,None,52.01,None,26.67,None,9.00,None
1769796975.3080182,44.00,None,21.00,None,17.67,None,63.34,None,39.34,None,104.34,None,8.67,None,17.67,None,122.34,None,52.01,None,26.67,None,9.00,None
1769796975.3086872,44.00,None,21.00,None,17.67,None,63.34,None,39.34,None,104.34,None,8.67,None,17.67,None,122.34,None,52.01,None,26.67,None,9.00,None
1769796975.3646665,44.00,None,21.00,None,17.67,None,63.34,None,39.34,None,127.01,None,8.67,None,17.67,None,122.34,None,52.01,None,26.67,None,9.00,None
1769796975.3658092,44.00,None,21.00,None,17.67,None,63.34,None,39.34,None,127.01,None,8.67,None,17.67,None,122.34,None,52.01,None,26.67,None,9.00,None
1769796975.4259634,44.00,None,21.00,None,17.67,None,88.34,None,39.34,None,127.01,None,8.67,None,17.67,None,122.34,None,52.01,None,26.67,None,9.00,None
1769796975.4270654,44.00,None,21.00,None,17.67,None,88.34,None,39.34,None,127.01,None,8.67,None,17.67,None,122.34,None,52.01,None,26.67,None,9.00,None
1769796975.4823663,44.00,None,21.00,None,17.67,None,92.67,None,39.34,None,127.01,None,8.67,None,17.67,None,122.34,None,64.01,None,26.67,None,9.00,None
1769796975.483437,44.00,None,21.00,None,17.67,None,92.67,None,39.34,None,127.01,None,8.67,None,17.67,None,122.34,None,64.01,None,26.67,None,9.00,None
1769796975.5492892,44.00,None,21.00,None,17.67,None,92.67,None,39.34,None,127.01,None,8.67,None,17.67,None,122.34,None,64.01,None,26.67,None,9.00,None
1769796975.5505416,44.00,None,21.00,None,17.67,None,92.67,None,39.34,None,127.01,None,8.67,None,17.67,None,122.34,None,64.01,None,26.67,None,9.00,None
1769796975.6141086,44.00,None,21.00,None,17.67,None,92.67,None,39.34,None,127.01,None,8.67,None,17.67,None,122.34,None,64.01,None,26.67,None,9.00,None
1769796975.6155639,44.00,None,21.00,None,17.67,None,92.67,None,39.34,None,127.01,None,8.67,None,17.67,None,122.34,None,64.01,None,26.67,None,9.00,None
1769796977.9416652,44.00,None,21.00,None,8.67,None,92.67,None,64.34,None,127.01,None,8.67,None,17.67,None,113.34,None,64.01,None,9.00,None,9.00,None
1769796977.942837,44.00,None,21.00,None,8.67,None,92.67,None,64.34,None,127.01,None,8.67,None,17.67,None,113.34,None,64.01,None,9.00,None,9.00,None
1769796978.0010235,44.00,None,21.00,None,8.67,None,92.67,None,64.34,None,127.01,None,8.67,None,17.67,None,125.34,None,73.01,None,9.00,None,9.00,None
1769796978.0022023,44.00,None,21.00,None,8.67,None,92.67,None,64.34,None,127.01,None,8.67,None,17.67,None,125.34,None,73.01,None,9.00,None,9.00,None
1769796978.0599577,53.00,None,21.00,None,8.67,None,92.67,None,64.34,None,127.01,None,8.67,None,26.34,None,128.67,None,73.01,None,9.00,None,9.00,None
1769796978.0611422,53.00,None,21.00,None,8.67,None,92.67,None,64.34,None,127.01,None,8.67,None,26.34,None,128.67,None,73.01,None,9.00,None,9.00,None
1769796998.1879585,53.00,None,21.00,None,8.67,None,101.67,None,64.34,None,110.68,None,8.67,None,26.34,None,128.67,None,80.34,None,9.00,None,9.00,None
1769796998.1890814,53.00,None,21.00,None,8.67,None,101.67,None,64.34,None,110.68,None,8.67,None,26.34,None,128.67,None,80.34,None,9.00,None,9.00,None
1769797002.3324943,65.00,None,21.00,None,8.67,None,101.67,None,64.34,None,110.68,None,8.67,None,30.34,None,128.67,None,80.34,None,9.00,None,9.00,None
1769797002.3336377,65.00,None,21.00,None,8.67,None,101.67,None,64.34,None,110.68,None,8.67,None,30.34,None,128.67,None,80.34,None,9.00,None,9.00,None
1769797002.3909247,68.33,None,21.00,None,8.67,None,101.67,None,64.34,None,110.68,None,8.67,None,30.34,None,128.67,None,89.34,None,9.00,None,9.00,None
1769797002.3919957,68.33,None,21.00,None,8.67,None,101.67,None,64.34,None,110.68,None,8.67,None,30.34,None,128.67,None,89.34,None,9.00,None,9.00,None
1769797002.4507217,68.33,None,21.00,None,8.67,None,114.67,None,67.67,None,110.68,None,8.67,None,30.34,None,128.67,None,89.34,None,9.00,None,9.00,None
1769797002.4518428,68.33,None,21.00,None,8.67,None,114.67,None,67.67,None,110.68,None,8.67,None,30.34,None,128.67,None,89.34,None,9.00,None,9.00,None
1769797002.5177896,68.33,None,21.00,None,8.67,None,114.67,None,67.67,None,110.68,None,8.67,None,48.01,None,128.67,None,89.34,None,9.00,None,9.00,None
1769797002.518942,68.33,None,21.00,None,8.67,None,114.67,None,67.67,None,110.68,None,8.67,None,48.01,None,128.67,None,89.34,None,9.00,None,9.00,None
1769797002.5860963,68.33,None,29.67,None,8.67,None,114.67,None,67.67,None,110.68,None,8.67,None,48.01,None,128.67,None,89.34,None,9.00,None,9.00,None
1769797002.5873053,68.33,None,29.67,None,8.67,None,114.67,None,67.67,None,110.68,None,8.67,None,48.01,None,128.67,None,89.34,None,9.00,None,9.00,None
1769797002.6510203,68.33,None,29.67,None,8.67,None,114.67,None,67.67,None,110.68,None,8.67,None,56.68,None,128.67,None,89.34,None,9.00,None,9.00,None
1769797002.6521976,68.33,None,29.67,None,8.67,None,114.67,None,67.67,None,110.68,None,8.67,None,56.68,None,128.67,None,89.34,None,9.00,None,9.00,None
1769797002.9727192,68.33,None,29.67,None,8.67,None,114.67,None,67.67,None,110.68,None,8.67,None,56.68,None,128.67,None,89.34,None,9.00,None,9.00,None
1769797002.9739747,68.33,None,29.67,None,8.67,None,114.67,None,67.67,None,110.68,None,8.67,None,56.68,None,128.67,None,89.34,None,9.00,None,9.00,None
1769797019.3462338,68.33,None,29.67,None,8.67,None,97.00,None,67.67,None,102.01,None,8.67,None,56.68,None,123.33,None,55.34,None,9.00,None,9.00,None
1769797019.3473752,68.33,None,29.67,None,8.67,None,97.00,None,67.67,None,102.01,None,8.67,None,56.68,None,123.33,None,55.34,None,9.00,None,9.00,None
1769797019.413936,68.33,None,29.67,None,8.67,None,97.00,None,67.67,None,111.01,None,8.67,None,56.68,None,126.66,None,64.01,None,9.00,None,9.00,None
1769797019.415112,68.33,None,29.67,None,8.67,None,97.00,None,67.67,None,111.01,None,8.67,None,56.68,None,126.66,None,64.01,None,9.00,None,9.00,None
1769797019.4576595,68.33,None,29.67,None,8.67,None,97.00,None,67.67,None,120.01,None,8.67,None,60.68,None,126.66,None,72.68,None,9.00,None,9.00,None
1769797019.4583774,68.33,None,29.67,None,8.67,None,97.00,None,67.67,None,120.01,None,8.67,None,60.68,None,126.66,None,72.68,None,9.00,None,9.00,None
1769797019.5016623,68.33,None,29.67,None,8.67,None,97.00,None,67.67,None,120.01,None,8.67,None,60.68,None,126.66,None,72.68,None,9.00,None,9.00,None
1769797019.5024211,68.33,None,29.67,None,8.67,None,97.00,None,67.67,None,120.01,None,8.67,None,60.68,None,126.66,None,72.68,None,9.00,None,9.00,None
1769797019.539384,68.33,None,38.34,None,8.67,None,97.00,None,67.67,None,120.01,None,8.67,None,69.68,None,126.66,None,72.68,None,9.00,None,9.00,None
1769797019.54009,68.33,None,38.34,None,8.67,None,97.00,None,67.67,None,120.01,None,8.67,None,69.68,None,126.66,None,72.68,None,9.00,None,9.00,None
1769797019.5917664,68.33,None,38.34,None,8.67,None,97.00,None,67.67,None,120.01,None,8.67,None,69.68,None,126.66,None,76.68,None,9.00,None,9.00,None
1769797019.5924807,68.33,None,38.34,None,8.67,None,97.00,None,67.67,None,120.01,None,8.67,None,69.68,None,126.66,None,76.68,None,9.00,None,9.00,None
1769797023.2527974,28.33,None,30.01,None,8.67,None,93.67,None,42.67,None,127.34,None,8.67,None,52.01,None,86.33,None,67.68,None,9.00,None,9.00,None
1769797023.2539246,28.33,None,30.01,None,8.67,None,93.67,None,42.67,None,127.34,None,8.67,None,52.01,None,86.33,None,67.68,None,9.00,None,9.00,None
1769797043.3543906,28.33,None,30.01,None,8.67,None,93.67,None,42.67,None,127.34,None,8.67,None,52.01,None,111.33,None,67.68,None,9.00,None,9.00,None
1769797043.3556206,28.33,None,30.01,None,8.67,None,93.67,None,42.67,None,127.34,None,8.67,None,52.01,None,111.33,None,67.68,None,9.00,None,9.00,None
1769797043.4222329,28.33,None,30.01,None,8.67,None,93.67,None,42.67,None,127.34,None,8.67,None,52.01,None,123.33,None,76.68,None,9.00,None,9.00,None
1769797043.423457,28.33,None,30.01,None,8.67,None,93.67,None,42.67,None,127.34,None,8.67,None,52.01,None,123.33,None,76.68,None,9.00,None,9.00,None
1769797043.4945724,28.33,None,30.01,None,8.67,None,93.67,None,42.67,None,127.34,None,8.67,None,52.01,None,126.66,None,94.35,None,9.00,None,9.00,None
1769797043.4957812,28.33,None,30.01,None,8.67,None,93.67,None,42.67,None,127.34,None,8.67,None,52.01,None,126.66,None,94.35,None,9.00,None,9.00,None
1769797043.5642195,53.33,None,30.01,None,8.67,None,93.67,None,42.67,None,127.34,None,8.67,None,52.01,None,126.66,None,94.35,None,9.00,None,9.00,None
1769797043.5654206,53.33,None,30.01,None,8.67,None,93.67,None,42.67,None,127.34,None,8.67,None,52.01,None,126.66,None,94.35,None,9.00,None,9.00,None
1769797043.6376338,62.00,None,30.01,None,8.67,None,93.67,None,51.67,None,127.34,None,8.67,None,52.01,None,126.66,None,94.35,None,9.00,None,9.00,None
1769797043.6388776,62.00,None,30.01,None,8.67,None,93.67,None,51.67,None,127.34,None,8.67,None,52.01,None,126.66,None,94.35,None,9.00,None,9.00,None
1769797043.7109625,62.00,None,30.01,None,8.67,None,102.67,None,51.67,None,127.34,None,8.67,None,52.01,None,126.66,None,94.35,None,9.00,None,17.67,None
1769797043.7121017,62.00,None,30.01,None,8.67,None,102.67,None,51.67,None,127.34,None,8.67,None,52.01,None,126.66,None,94.35,None,9.00,None,17.67,None
1769797048.032875,62.00,None,30.01,None,8.67,None,102.67,None,38.67,None,127.34,None,8.67,None,43.34,None,99.66,None,106.68,None,9.00,None,17.67,None
1769797048.0340397,62.00,None,30.01,None,8.67,None,102.67,None,38.67,None,127.34,None,8.67,None,43.34,None,99.66,None,106.68,None,9.00,None,17.67,None
1769797048.0964923,62.00,None,30.01,None,8.67,None,123.67,None,38.67,None,127.34,None,8.67,None,43.34,None,99.66,None,106.68,None,9.00,None,17.67,None
1769797048.0976138,62.00,None,30.01,None,8.67,None,123.67,None,38.67,None,127.34,None,8.67,None,43.34,None,99.66,None,106.68,None,9.00,None,17.67,None
1769797048.161632,62.00,None,30.01,None,8.67,None,123.67,None,38.67,None,127.34,None,8.67,None,43.34,None,108.66,None,106.68,None,9.00,None,17.67,None
1769797048.1627076,62.00,None,30.01,None,8.67,None,123.67,None,38.67,None,127.34,None,8.67,None,43.34,None,108.66,None,106.68,None,9.00,None,17.67,None
1769797048.2235904,62.00,None,30.01,None,8.67,None,123.67,None,38.67,None,127.34,None,8.67,None,43.34,None,108.66,None,124.35,None,9.00,None,17.67,None
1769797048.2242196,62.00,None,30.01,None,8.67,None,123.67,None,38.67,None,127.34,None,8.67,None,43.34,None,108.66,None,124.35,None,9.00,None,17.67,None
1769797053.0426655,62.00,None,21.34,None,8.67,None,123.67,None,38.67,None,127.34,None,8.67,None,43.34,None,126.33,None,124.35,None,9.00,None,17.67,None
1769797053.0438783,62.00,None,21.34,None,8.67,None,123.67,None,38.67,None,127.34,None,8.67,None,43.34,None,126.33,None,124.35,None,9.00,None,17.67,None
1769797057.3701108,62.00,None,21.34,None,0.00,None,94.00,None,21.00,None,127.67,None,8.67,None,43.34,None,95.33,None,73.01,None,0.00,None,8.67,None
1769797057.3707476,62.00,None,21.34,None,0.00,None,94.00,None,21.00,None,127.67,None,8.67,None,43.34,None,95.33,None,73.01,None,0.00,None,8.67,None
1769797057.4227207,62.00,None,21.34,None,0.00,None,94.00,None,21.00,None,127.67,None,8.67,None,43.34,None,103.66,None,95.68,None,0.00,None,8.67,None
1769797057.4233422,62.00,None,21.34,None,0.00,None,94.00,None,21.00,None,127.67,None,8.67,None,43.34,None,103.66,None,95.68,None,0.00,None,8.67,None
1769797057.7883382,62.00,None,21.34,None,0.00,None,94.00,None,21.00,None,127.67,None,8.67,None,43.34,None,103.66,None,120.68,None,0.00,None,8.67,None
1769797057.7893817,62.00,None,21.34,None,0.00,None,94.00,None,21.00,None,127.67,None,8.67,None,43.34,None,103.66,None,120.68,None,0.00,None,8.67,None
1769797057.8479705,62.00,None,21.34,None,0.00,None,94.00,None,21.00,None,127.67,None,8.67,None,43.34,None,121.33,None,124.01,None,0.00,None,8.67,None
1769797057.8486574,62.00,None,21.34,None,0.00,None,94.00,None,21.00,None,127.67,None,8.67,None,43.34,None,121.33,None,124.01,None,0.00,None,8.67,None
1769797057.8932588,62.00,None,21.34,None,0.00,None,94.00,None,21.00,None,127.67,None,8.67,None,52.34,None,121.33,None,127.34,None,0.00,None,8.67,None
1769797057.8939223,62.00,None,21.34,None,0.00,None,94.00,None,21.00,None,127.67,None,8.67,None,52.34,None,121.33,None,127.34,None,0.00,None,8.67,None
1769797057.9653158,62.00,None,21.34,None,0.00,None,115.00,None,21.00,None,127.67,None,8.67,None,52.34,None,121.33,None,127.34,None,0.00,None,8.67,None
1769797057.9664745,62.00,None,21.34,None,0.00,None,115.00,None,21.00,None,127.67,None,8.67,None,52.34,None,121.33,None,127.34,None,0.00,None,8.67,None
1769797058.0337727,58.67,None,21.34,None,0.00,None,102.00,None,17.67,None,127.67,None,8.67,None,43.67,None,124.66,None,127.01,None,0.00,None,8.67,None
1769797058.0344586,58.67,None,21.34,None,0.00,None,102.00,None,17.67,None,127.67,None,8.67,None,43.67,None,124.66,None,127.01,None,0.00,None,8.67,None
1769797058.0747917,58.67,None,21.34,None,0.00,None,111.00,None,17.67,None,127.67,None,8.67,None,43.67,None,127.99,None,127.01,None,0.00,None,8.67,None
1769797058.0754929,58.67,None,21.34,None,0.00,None,111.00,None,17.67,None,127.67,None,8.67,None,43.67,None,127.99,None,127.01,None,0.00,None,8.67,None
1769797058.1415033,62.00,None,25.34,None,0.00,None,111.00,None,35.34,None,127.67,None,8.67,None,43.67,None,127.99,None,127.01,None,0.00,None,8.67,None
1769797058.1427052,62.00,None,25.34,None,0.00,None,111.00,None,35.34,None,127.67,None,8.67,None,43.67,None,127.99,None,127.01,None,0.00,None,8.67,None
1769797068.0619419,49.00,None,12.67,None,0.00,None,82.67,None,26.67,None,110.00,None,0.00,None,26.00,None,128.32,None,123.01,None,0.00,None,8.67,None
1769797068.0630739,49.00,None,12.67,None,0.00,None,82.67,None,26.67,None,110.00,None,0.00,None,26.00,None,128.32,None,123.01,None,0.00,None,8.67,None
1769797080.356126,62.33,None,12.67,None,0.00,None,82.67,None,44.34,None,110.00,None,0.00,None,26.00,None,128.32,None,123.01,None,0.00,None,8.67,None
1769797080.3569088,62.33,None,12.67,None,0.00,None,82.67,None,44.34,None,110.00,None,0.00,None,26.00,None,128.32,None,123.01,None,0.00,None,8.67,None
1769797080.4053018,65.66,None,12.67,None,0.00,None,82.67,None,62.01,None,110.00,None,0.00,None,26.00,None,128.32,None,123.01,None,0.00,None,8.67,None
1769797080.4059486,65.66,None,12.67,None,0.00,None,82.67,None,62.01,None,110.00,None,0.00,None,26.00,None,128.32,None,123.01,None,0.00,None,8.67,None
1769797080.4547367,68.99,None,12.67,None,0.00,None,82.67,None,62.01,None,110.00,None,0.00,None,35.00,None,128.32,None,123.01,None,0.00,None,8.67,None
1769797080.4553497,68.99,None,12.67,None,0.00,None,82.67,None,62.01,None,110.00,None,0.00,None,35.00,None,128.32,None,123.01,None,0.00,None,8.67,None
1769797080.5047164,68.99,None,12.67,None,0.00,None,100.34,None,69.34,None,110.00,None,0.00,None,35.00,None,128.32,None,123.01,None,0.00,None,8.67,None
1769797080.5053291,68.99,None,12.67,None,0.00,None,100.34,None,69.34,None,110.00,None,0.00,None,35.00,None,128.32,None,123.01,None,0.00,None,8.67,None
1769797080.5784628,68.99,None,12.67,None,0.00,None,100.34,None,69.34,None,119.00,None,0.00,None,38.33,None,128.32,None,123.01,None,0.00,None,8.67,None
1769797080.5796032,68.99,None,12.67,None,0.00,None,100.34,None,69.34,None,119.00,None,0.00,None,38.33,None,128.32,None,123.01,None,0.00,None,8.67,None
1769797080.8117228,68.99,None,16.00,None,0.00,None,100.34,None,69.34,None,119.00,None,0.00,None,47.33,None,128.32,None,123.01,None,0.00,None,8.67,None
1769797080.8123715,68.99,None,16.00,None,0.00,None,100.34,None,69.34,None,119.00,None,0.00,None,47.33,None,128.32,None,123.01,None,0.00,None,8.67,None
1769797083.0829868,68.99,None,20.00,None,0.00,None,82.67,None,69.34,None,111.67,None,0.00,None,43.33,None,128.32,None,123.01,None,0.00,None,8.67,None
1769797083.0841486,68.99,None,20.00,None,0.00,None,82.67,None,69.34,None,111.67,None,0.00,None,43.33,None,128.32,None,123.01,None,0.00,None,8.67,None
1769797083.1528656,68.99,None,20.00,None,0.00,None,107.67,None,69.34,None,111.67,None,0.00,None,43.33,None,128.32,None,123.01,None,0.00,None,8.67,None
1769797083.1539843,68.99,None,20.00,None,0.00,None,107.67,None,69.34,None,111.67,None,0.00,None,43.33,None,128.32,None,123.01,None,0.00,None,8.67,None
1769797088.0857944,68.99,None,20.00,None,0.00,None,125.34,None,69.34,None,111.67,None,0.00,None,47.33,None,128.32,None,119.01,None,0.00,None,8.67,None
1769797088.0868845,68.99,None,20.00,None,0.00,None,125.34,None,69.34,None,111.67,None,0.00,None,47.33,None,128.32,None,119.01,None,0.00,None,8.67,None
1769797093.0957596,68.99,None,20.00,None,0.00,None,125.34,None,69.34,None,111.67,None,0.00,None,47.33,None,116.32,None,119.01,None,0.00,None,8.67,None
1769797093.0968578,68.99,None,20.00,None,0.00,None,125.34,None,69.34,None,111.67,None,0.00,None,47.33,None,116.32,None,119.01,None,0.00,None,8.67,None
1769797093.165891,68.99,None,20.00,None,0.00,None,125.34,None,69.34,None,111.67,None,0.00,None,47.33,None,124.99,None,128.01,None,0.00,None,8.67,None
1769797093.1669562,68.99,None,20.00,None,0.00,None,125.34,None,69.34,None,111.67,None,0.00,None,47.33,None,124.99,None,128.01,None,0.00,None,8.67,None
1769797098.102109,68.99,None,11.33,None,0.00,None,109.68,None,69.34,None,58.00,None,0.00,None,38.33,None,124.99,None,116.01,None,0.00,None,8.67,None
1769797098.1032088,68.99,None,11.33,None,0.00,None,109.68,None,69.34,None,58.00,None,0.00,None,38.33,None,124.99,None,116.01,None,0.00,None,8.67,None
1769797102.3791664,68.99,None,11.33,None,0.00,None,109.68,None,69.34,None,67.00,None,0.00,None,38.33,None,128.32,None,128.68,None,0.00,None,8.67,None
1769797102.3797877,68.99,None,11.33,None,0.00,None,109.68,None,69.34,None,67.00,None,0.00,None,38.33,None,128.32,None,128.68,None,0.00,None,8.67,None
1769797102.4522753,68.99,None,11.33,None,0.00,None,118.68,None,69.34,None,83.00,None,0.00,None,38.33,None,128.32,None,128.68,None,0.00,None,8.67,None
1769797102.453364,68.99,None,11.33,None,0.00,None,118.68,None,69.34,None,83.00,None,0.00,None,38.33,None,128.32,None,128.68,None,0.00,None,8.67,None
1769797102.5255117,68.99,None,11.33,None,0.00,None,118.68,None,69.34,None,83.00,None,0.00,None,47.00,None,128.32,None,128.68,None,0.00,None,8.67,None
1769797102.526557,68.99,None,11.33,None,0.00,None,118.68,None,69.34,None,83.00,None,0.00,None,47.00,None,128.32,None,128.68,None,0.00,None,8.67,None
1769797102.60388,68.99,None,11.33,None,0.00,None,127.68,None,69.34,None,95.00,None,0.00,None,47.00,None,128.32,None,128.68,None,0.00,None,8.67,None
1769797102.605013,68.99,None,11.33,None,0.00,None,127.68,None,69.34,None,95.00,None,0.00,None,47.00,None,128.32,None,128.68,None,0.00,None,8.67,None
1769797102.6763577,68.99,None,11.33,None,0.00,None,127.68,None,69.34,None,104.00,None,0.00,None,47.00,None,128.32,None,128.68,None,0.00,None,8.67,None
1769797102.6774805,68.99,None,11.33,None,0.00,None,127.68,None,69.34,None,104.00,None,0.00,None,47.00,None,128.32,None,128.68,None,0.00,None,8.67,None
1769797102.755125,68.99,None,11.33,None,0.00,None,127.68,None,69.34,None,113.00,None,0.00,None,47.00,None,128.32,None,128.68,None,0.00,None,8.67,None
1769797102.7562587,68.99,None,11.33,None,0.00,None,127.68,None,69.34,None,113.00,None,0.00,None,47.00,None,128.32,None,128.68,None,0.00,None,8.67,None
1769797103.107597,68.99,None,11.33,None,0.00,None,127.68,None,69.34,None,104.00,None,0.00,None,43.00,None,128.32,None,120.01,None,0.00,None,8.67,None
1769797103.108762,68.99,None,11.33,None,0.00,None,127.68,None,69.34,None,104.00,None,0.00,None,43.00,None,128.32,None,120.01,None,0.00,None,8.67,None
1769797117.7592504,68.99,None,11.33,None,0.00,None,127.68,None,69.34,None,104.00,None,0.00,None,47.00,None,128.32,None,120.01,None,0.00,None,8.67,None
1769797117.7604713,68.99,None,11.33,None,0.00,None,127.68,None,69.34,None,104.00,None,0.00,None,47.00,None,128.32,None,120.01,None,0.00,None,8.67,None
1769797117.840005,68.99,None,11.33,None,0.00,None,127.68,None,69.34,None,104.00,None,0.00,None,64.67,None,128.32,None,124.01,None,0.00,None,8.67,None
1769797117.8412447,68.99,None,11.33,None,0.00,None,127.68,None,69.34,None,104.00,None,0.00,None,64.67,None,128.32,None,124.01,None,0.00,None,8.67,None
1769797117.916806,68.99,None,11.33,None,0.00,None,127.68,None,69.34,None,104.00,None,0.00,None,69.00,None,128.32,None,124.01,None,0.00,None,8.67,None
1769797117.9180334,68.99,None,11.33,None,0.00,None,127.68,None,69.34,None,104.00,None,0.00,None,69.00,None,128.32,None,124.01,None,0.00,None,8.67,None
1769797118.0016007,68.99,None,11.33,None,0.00,None,127.68,None,69.34,None,104.00,None,0.00,None,69.00,None,128.32,None,124.01,None,0.00,None,8.67,None
1769797118.002873,68.99,None,11.33,None,0.00,None,127.68,None,69.34,None,104.00,None,0.00,None,69.00,None,128.32,None,124.01,None,0.00,None,8.67,None
1769797118.0911365,68.99,None,11.33,None,0.00,None,127.68,None,69.34,None,104.00,None,0.00,None,69.00,None,128.32,None,124.01,None,0.00,None,8.67,None
1769797118.0923874,68.99,None,11.33,None,0.00,None,127.68,None,69.34,None,104.00,None,0.00,None,69.00,None,128.32,None,124.01,None,0.00,None,8.67,None
1769797118.1756828,68.99,None,11.33,None,0.00,None,127.68,None,69.34,None,104.00,None,0.00,None,69.00,None,128.32,None,124.01,None,0.00,None,8.67,None
1769797118.176957,68.99,None,11.33,None,0.00,None,127.68,None,69.34,None,104.00,None,0.00,None,69.00,None,128.32,None,124.01,None,0.00,None,8.67,None
1769797118.2566364,27.32,None,7.33,None,0.00,None,92.34,None,60.34,None,95.00,None,0.00,None,65.00,None,128.32,None,106.34,None,0.00,None,8.67,None
1769797118.257741,27.32,None,7.33,None,0.00,None,92.34,None,60.34,None,95.00,None,0.00,None,65.00,None,128.32,None,106.34,None,0.00,None,8.67,None
1769797118.328102,48.32,None,7.33,None,0.00,None,92.34,None,60.34,None,95.00,None,0.00,None,69.00,None,128.32,None,106.34,None,0.00,None,8.67,None
1769797118.3292441,48.32,None,7.33,None,0.00,None,92.34,None,60.34,None,95.00,None,0.00,None,69.00,None,128.32,None,106.34,None,0.00,None,8.67,None
1769797118.4011123,69.32,None,11.33,None,0.00,None,92.34,None,60.34,None,95.00,None,0.00,None,69.00,None,128.32,None,106.34,None,0.00,None,8.67,None
1769797118.402304,69.32,None,11.33,None,0.00,None,92.34,None,60.34,None,95.00,None,0.00,None,69.00,None,128.32,None,106.34,None,0.00,None,8.67,None
1769797138.4004025,44.99,None,3.33,None,0.00,None,104.34,None,42.67,None,83.33,None,0.00,None,69.00,None,94.66,None,97.67,None,0.00,None,8.67,None
1769797138.4010236,44.99,None,3.33,None,0.00,None,104.34,None,42.67,None,83.33,None,0.00,None,69.00,None,94.66,None,97.67,None,0.00,None,8.67,None
1769797138.4476278,44.99,None,3.33,None,0.00,None,124.67,None,42.67,None,94.00,None,0.00,None,69.00,None,94.66,None,97.67,None,0.00,None,8.67,None
1769797138.448288,44.99,None,3.33,None,0.00,None,124.67,None,42.67,None,94.00,None,0.00,None,69.00,None,94.66,None,97.67,None,0.00,None,8.67,None
1769797138.5242255,44.99,None,3.33,None,0.00,None,124.67,None,42.67,None,115.00,None,0.00,None,69.00,None,94.66,None,97.67,None,0.00,None,8.67,None
1769797138.5253356,44.99,None,3.33,None,0.00,None,124.67,None,42.67,None,115.00,None,0.00,None,69.00,None,94.66,None,97.67,None,0.00,None,8.67,None
1769797138.6010845,44.99,None,3.33,None,0.00,None,124.67,None,42.67,None,127.00,None,0.00,None,69.00,None,94.66,None,106.67,None,0.00,None,8.67,None
1769797138.60218,44.99,None,3.33,None,0.00,None,124.67,None,42.67,None,127.00,None,0.00,None,69.00,None,94.66,None,106.67,None,0.00,None,8.67,None
1769797138.679834,44.99,None,3.33,None,0.00,None,128.00,None,42.67,None,127.00,None,0.00,None,69.00,None,94.66,None,124.34,None,0.00,None,8.67,None
1769797138.6809669,44.99,None,3.33,None,0.00,None,128.00,None,42.67,None,127.00,None,0.00,None,69.00,None,94.66,None,124.34,None,0.00,None,8.67,None
1769797139.1619678,44.99,None,3.33,None,0.00,None,128.00,None,42.67,None,127.00,None,0.00,None,69.00,None,103.66,None,124.34,None,0.00,None,8.67,None
1769797139.1631093,44.99,None,3.33,None,0.00,None,128.00,None,42.67,None,127.00,None,0.00,None,69.00,None,103.66,None,124.34,None,0.00,None,8.67,None
1769797143.2954402,40.99,None,3.33,None,0.00,None,101.33,None,42.67,None,117.67,None,0.00,None,69.00,None,72.33,None,71.67,None,0.00,None,0.00,None
1769797143.2964826,40.99,None,3.33,None,0.00,None,101.33,None,42.67,None,117.67,None,0.00,None,69.00,None,72.33,None,71.67,None,0.00,None,0.00,None
1769797143.3674645,40.99,None,3.33,None,0.00,None,101.33,None,42.67,None,117.67,None,0.00,None,69.00,None,95.00,None,71.67,None,0.00,None,0.00,None
1769797143.3684106,40.99,None,3.33,None,0.00,None,101.33,None,42.67,None,117.67,None,0.00,None,69.00,None,95.00,None,71.67,None,0.00,None,0.00,None
1769797143.4385738,40.99,None,3.33,None,0.00,None,101.33,None,42.67,None,117.67,None,0.00,None,69.00,None,117.67,None,71.67,None,0.00,None,0.00,None
1769797143.4395134,40.99,None,3.33,None,0.00,None,101.33,None,42.67,None,117.67,None,0.00,None,69.00,None,117.67,None,71.67,None,0.00,None,0.00,None
1769797143.511478,40.99,None,3.33,None,0.00,None,101.33,None,42.67,None,117.67,None,0.00,None,69.00,None,121.00,None,80.67,None,0.00,None,0.00,None
1769797143.512591,40.99,None,3.33,None,0.00,None,101.33,None,42.67,None,117.67,None,0.00,None,69.00,None,121.00,None,80.67,None,0.00,None,0.00,None
1769797143.5853286,40.99,None,3.33,None,0.00,None,101.33,None,42.67,None,126.67,None,0.00,None,69.00,None,124.33,None,89.34,None,0.00,None,0.00,None
1769797143.586375,40.99,None,3.33,None,0.00,None,101.33,None,42.67,None,126.67,None,0.00,None,69.00,None,124.33,None,89.34,None,0.00,None,0.00,None
1769797143.6585548,40.99,None,3.33,None,0.00,None,101.33,None,67.67,None,126.67,None,0.00,None,69.00,None,124.33,None,89.34,None,0.00,None,0.00,None
1769797143.6596255,40.99,None,3.33,None,0.00,None,101.33,None,67.67,None,126.67,None,0.00,None,69.00,None,124.33,None,89.34,None,0.00,None,0.00,None
1769797143.7330182,44.99,None,3.33,None,0.00,None,101.33,None,67.67,None,126.67,None,0.00,None,69.00,None,127.66,None,107.01,None,0.00,None,0.00,None
1769797143.733995,44.99,None,3.33,None,0.00,None,101.33,None,67.67,None,126.67,None,0.00,None,69.00,None,127.66,None,107.01,None,0.00,None,0.00,None
1769797148.3064742,44.99,None,3.33,None,0.00,None,119.00,None,67.67,None,126.67,None,0.00,None,60.00,None,127.66,None,103.68,None,0.00,None,3.33,None
1769797148.307593,44.99,None,3.33,None,0.00,None,119.00,None,67.67,None,126.67,None,0.00,None,60.00,None,127.66,None,103.68,None,0.00,None,3.33,None
1769797155.431035,44.99,None,7.33,None,0.00,None,119.00,None,67.67,None,126.67,None,0.00,None,60.00,None,127.66,None,121.35,None,0.00,None,3.33,None
1769797155.432157,44.99,None,7.33,None,0.00,None,119.00,None,67.67,None,126.67,None,0.00,None,60.00,None,127.66,None,121.35,None,0.00,None,3.33,None
1769797155.5187037,62.66,None,7.33,None,0.00,None,119.00,None,67.67,None,126.67,None,0.00,None,60.00,None,127.66,None,121.35,None,0.00,None,3.33,None
1769797155.519864,62.66,None,7.33,None,0.00,None,119.00,None,67.67,None,126.67,None,0.00,None,60.00,None,127.66,None,121.35,None,0.00,None,3.33,None
1769797155.5715065,62.66,None,7.33,None,0.00,None,119.00,None,67.67,None,126.67,None,0.00,None,69.00,None,127.66,None,121.35,None,0.00,None,3.33,None
1769797155.5722141,62.66,None,7.33,None,0.00,None,119.00,None,67.67,None,126.67,None,0.00,None,69.00,None,127.66,None,121.35,None,0.00,None,3.33,None
1769797155.623178,62.66,None,7.33,None,0.00,None,128.00,None,67.67,None,126.67,None,0.00,None,69.00,None,127.66,None,121.35,None,0.00,None,3.33,None
1769797155.623882,62.66,None,7.33,None,0.00,None,128.00,None,67.67,None,126.67,None,0.00,None,69.00,None,127.66,None,121.35,None,0.00,None,3.33,None
1769797155.6721692,65.99,None,7.33,None,0.00,None,128.00,None,67.67,None,126.67,None,0.00,None,69.00,None,127.66,None,125.68,None,9.00,None,3.33,None
1769797155.6728725,65.99,None,7.33,None,0.00,None,128.00,None,67.67,None,126.67,None,0.00,None,69.00,None,127.66,None,125.68,None,9.00,None,3.33,None
1769797156.0047493,65.99,None,7.33,None,0.00,None,128.00,None,67.67,None,126.67,None,0.00,None,69.00,None,127.66,None,125.68,None,9.00,None,3.33,None
1769797156.0054588,65.99,None,7.33,None,0.00,None,128.00,None,67.67,None,126.67,None,0.00,None,69.00,None,127.66,None,125.68,None,9.00,None,3.33,None
1769797158.32793,62.66,None,8.00,None,0.00,None,107.00,None,67.67,None,126.67,None,0.00,None,47.00,None,123.66,None,125.68,None,9.00,None,3.33,None
1769797158.3290877,62.66,None,8.00,None,0.00,None,107.00,None,67.67,None,126.67,None,0.00,None,47.00,None,123.66,None,125.68,None,9.00,None,3.33,None
1769797158.3834903,62.66,None,8.00,None,0.00,None,116.00,None,67.67,None,126.67,None,0.00,None,51.00,None,123.66,None,125.68,None,9.00,None,3.33,None
1769797158.384168,62.66,None,8.00,None,0.00,None,116.00,None,67.67,None,126.67,None,0.00,None,51.00,None,123.66,None,125.68,None,9.00,None,3.33,None
1769797158.4641807,62.66,None,17.00,None,0.00,None,116.00,None,67.67,None,126.67,None,0.00,None,59.67,None,123.66,None,125.68,None,9.00,None,3.33,None
1769797158.4653308,62.66,None,17.00,None,0.00,None,116.00,None,67.67,None,126.67,None,0.00,None,59.67,None,123.66,None,125.68,None,9.00,None,3.33,None
1769797158.547861,62.66,None,17.00,None,0.00,None,128.67,None,67.67,None,126.67,None,0.00,None,59.67,None,123.66,None,125.68,None,9.00,None,3.33,None
1769797158.5490403,62.66,None,17.00,None,0.00,None,128.67,None,67.67,None,126.67,None,0.00,None,59.67,None,123.66,None,125.68,None,9.00,None,3.33,None
1769797168.3276517,58.66,None,17.00,None,0.00,None,128.67,None,67.67,None,126.67,None,0.00,None,59.67,None,97.66,None,108.01,None,9.00,None,3.33,None
1769797168.328358,58.66,None,17.00,None,0.00,None,128.67,None,67.67,None,126.67,None,0.00,None,59.67,None,97.66,None,108.01,None,9.00,None,3.33,None
1769797168.4061532,58.66,None,17.00,None,0.00,None,128.67,None,67.67,None,126.67,None,0.00,None,59.67,None,110.66,None,116.68,None,9.00,None,3.33,None
1769797168.4072356,58.66,None,17.00,None,0.00,None,128.67,None,67.67,None,126.67,None,0.00,None,59.67,None,110.66,None,116.68,None,9.00,None,3.33,None
1769797173.3173032,58.66,None,17.00,None,0.00,None,98.33,None,60.34,None,117.67,None,0.00,None,59.67,None,43.33,None,90.34,None,9.00,None,3.33,None
1769797173.3179832,58.66,None,17.00,None,0.00,None,98.33,None,60.34,None,117.67,None,0.00,None,59.67,None,43.33,None,90.34,None,9.00,None,3.33,None
1769797173.3714428,58.66,None,17.00,None,0.00,None,98.33,None,60.34,None,117.67,None,0.00,None,59.67,None,43.33,None,90.34,None,9.00,None,3.33,None
1769797173.3720925,58.66,None,17.00,None,0.00,None,98.33,None,60.34,None,117.67,None,0.00,None,59.67,None,43.33,None,90.34,None,9.00,None,3.33,None
1769797174.399022,58.66,None,17.00,None,0.00,None,98.33,None,60.34,None,125.00,None,0.00,None,59.67,None,52.33,None,99.01,None,9.00,None,3.33,None
1769797174.399693,58.66,None,17.00,None,0.00,None,98.33,None,60.34,None,125.00,None,0.00,None,59.67,None,52.33,None,99.01,None,9.00,None,3.33,None
1769797174.4510903,58.66,None,17.00,None,0.00,None,116.00,None,60.34,None,128.33,None,0.00,None,59.67,None,52.33,None,99.01,None,9.00,None,3.33,None
1769797174.4517896,58.66,None,17.00,None,0.00,None,116.00,None,60.34,None,128.33,None,0.00,None,59.67,None,52.33,None,99.01,None,9.00,None,3.33,None
1769797174.5177987,67.66,None,17.00,None,0.00,None,123.33,None,60.34,None,128.33,None,0.00,None,59.67,None,52.33,None,99.01,None,9.00,None,3.33,None
1769797174.5185149,67.66,None,17.00,None,0.00,None,123.33,None,60.34,None,128.33,None,0.00,None,59.67,None,52.33,None,99.01,None,9.00,None,3.33,None
1769797174.6051047,67.66,None,17.00,None,0.00,None,123.33,None,60.34,None,128.33,None,0.00,None,59.67,None,70.00,None,102.34,None,9.00,None,3.33,None
1769797174.6063077,67.66,None,17.00,None,0.00,None,123.33,None,60.34,None,128.33,None,0.00,None,59.67,None,70.00,None,102.34,None,9.00,None,3.33,None
1769797175.1725495,67.66,None,17.00,None,0.00,None,126.66,None,69.01,None,128.33,None,0.00,None,59.67,None,70.00,None,102.34,None,9.00,None,3.33,None
1769797175.1737342,67.66,None,17.00,None,0.00,None,126.66,None,69.01,None,128.33,None,0.00,None,59.67,None,70.00,None,102.34,None,9.00,None,3.33,None
1769797175.2592037,67.66,None,17.00,None,0.00,None,126.66,None,69.01,None,128.33,None,0.00,None,59.67,None,83.00,None,111.01,None,9.00,None,3.33,None
1769797175.2603815,67.66,None,17.00,None,0.00,None,126.66,None,69.01,None,128.33,None,0.00,None,59.67,None,83.00,None,111.01,None,9.00,None,3.33,None
1769797178.3376288,67.66,None,17.00,None,0.00,None,121.66,None,69.01,None,128.33,None,0.00,None,56.34,None,83.00,None,111.01,None,9.00,None,3.33,None
1769797178.3383274,67.66,None,17.00,None,0.00,None,121.66,None,69.01,None,128.33,None,0.00,None,56.34,None,83.00,None,111.01,None,9.00,None,3.33,None
1769797178.38684,67.66,None,17.00,None,0.00,None,121.66,None,69.01,None,128.33,None,0.00,None,56.34,None,87.00,None,111.01,None,9.00,None,3.33,None
1769797178.3875449,67.66,None,17.00,None,0.00,None,121.66,None,69.01,None,128.33,None,0.00,None,56.34,None,87.00,None,111.01,None,9.00,None,3.33,None
1769797183.3702164,67.00,None,17.00,None,0.00,None,121.66,None,60.34,None,128.33,None,0.00,None,56.34,None,87.00,None,111.01,None,9.00,None,3.33,None
1769797183.3714087,67.00,None,17.00,None,0.00,None,121.66,None,60.34,None,128.33,None,0.00,None,56.34,None,87.00,None,111.01,None,9.00,None,3.33,None
1769797192.4564238,67.00,None,8.00,None,0.00,None,103.99,None,60.34,None,128.33,None,0.00,None,47.67,None,81.00,None,86.01,None,9.00,None,0.00,None
1769797192.457597,67.00,None,8.00,None,0.00,None,103.99,None,60.34,None,128.33,None,0.00,None,47.67,None,81.00,None,86.01,None,9.00,None,0.00,None
1769797192.5444,67.00,None,8.00,None,0.00,None,103.99,None,60.34,None,128.33,None,0.00,None,47.67,None,102.00,None,90.01,None,9.00,None,0.00,None
1769797192.5455465,67.00,None,8.00,None,0.00,None,103.99,None,60.34,None,128.33,None,0.00,None,47.67,None,102.00,None,90.01,None,9.00,None,0.00,None
1769797192.6320732,67.00,None,8.00,None,0.00,None,103.99,None,60.34,None,128.33,None,0.00,None,47.67,None,123.00,None,90.01,None,9.00,None,0.00,None
1769797192.633216,67.00,None,8.00,None,0.00,None,103.99,None,60.34,None,128.33,None,0.00,None,47.67,None,123.00,None,90.01,None,9.00,None,0.00,None
1769797192.7221448,67.00,None,8.00,None,0.00,None,103.99,None,60.34,None,128.33,None,0.00,None,47.67,None,123.00,None,111.01,None,9.00,None,0.00,None
1769797192.7232754,67.00,None,8.00,None,0.00,None,103.99,None,60.34,None,128.33,None,0.00,None,47.67,None,123.00,None,111.01,None,9.00,None,0.00,None
1769797192.809319,67.00,None,8.00,None,0.00,None,103.99,None,60.34,None,128.33,None,0.00,None,47.67,None,123.00,None,128.68,None,9.00,None,0.00,None
1769797192.810483,67.00,None,8.00,None,0.00,None,103.99,None,60.34,None,128.33,None,0.00,None,47.67,None,123.00,None,128.68,None,9.00,None,0.00,None
1769797192.9020908,67.00,None,8.00,None,0.00,None,112.99,None,60.34,None,128.33,None,0.00,None,47.67,None,123.00,None,128.68,None,9.00,None,0.00,None
1769797192.9032729,67.00,None,8.00,None,0.00,None,112.99,None,60.34,None,128.33,None,0.00,None,47.67,None,123.00,None,128.68,None,9.00,None,0.00,None
1769797193.3765,30.00,None,4.00,None,0.00,None,124.99,None,8.67,None,128.33,None,0.00,None,35.00,None,119.00,None,128.68,None,9.00,None,0.00,None
1769797193.3771389,30.00,None,4.00,None,0.00,None,124.99,None,8.67,None,128.33,None,0.00,None,35.00,None,119.00,None,128.68,None,9.00,None,0.00,None
1769797198.3592696,39.00,None,4.00,None,0.00,None,108.66,None,8.67,None,117.66,None,0.00,None,43.67,None,127.33,None,128.68,None,9.00,None,0.00,None
1769797198.3599095,39.00,None,4.00,None,0.00,None,108.66,None,8.67,None,117.66,None,0.00,None,43.67,None,127.33,None,128.68,None,9.00,None,0.00,None
1769797208.4001067,50.66,None,4.00,None,0.00,None,108.66,None,8.67,None,96.66,None,0.00,None,52.34,None,127.33,None,128.68,None,9.00,None,0.00,None
1769797208.401295,50.66,None,4.00,None,0.00,None,108.66,None,8.67,None,96.66,None,0.00,None,52.34,None,127.33,None,128.68,None,9.00,None,0.00,None
1769797211.4351432,50.66,None,4.00,None,0.00,None,126.33,None,8.67,None,99.99,None,0.00,None,52.34,None,127.33,None,128.68,None,9.00,None,0.00,None
1769797211.4358232,50.66,None,4.00,None,0.00,None,126.33,None,8.67,None,99.99,None,0.00,None,52.34,None,127.33,None,128.68,None,9.00,None,0.00,None
1769797211.8535538,50.66,None,4.00,None,0.00,None,126.33,None,8.67,None,120.99,None,0.00,None,52.34,None,127.33,None,128.68,None,9.00,None,0.00,None
1769797211.8543448,50.66,None,4.00,None,0.00,None,126.33,None,8.67,None,120.99,None,0.00,None,52.34,None,127.33,None,128.68,None,9.00,None,0.00,None
1769797211.940312,50.66,None,4.00,None,8.67,None,126.33,None,8.67,None,124.32,None,0.00,None,52.34,None,127.33,None,128.68,None,9.00,None,0.00,None
1769797211.9414053,50.66,None,4.00,None,8.67,None,126.33,None,8.67,None,124.32,None,0.00,None,52.34,None,127.33,None,128.68,None,9.00,None,0.00,None
1769797212.037214,50.66,None,4.00,None,8.67,None,126.33,None,8.67,None,127.65,None,0.00,None,52.34,None,127.33,None,128.68,None,9.00,None,0.00,None
1769797212.038442,50.66,None,4.00,None,8.67,None,126.33,None,8.67,None,127.65,None,0.00,None,52.34,None,127.33,None,128.68,None,9.00,None,0.00,None
1769797212.1346107,59.66,None,4.00,None,8.67,None,126.33,None,8.67,None,127.65,None,0.00,None,52.34,None,127.33,None,128.68,None,9.00,None,0.00,None
1769797212.1358535,59.66,None,4.00,None,8.67,None,126.33,None,8.67,None,127.65,None,0.00,None,52.34,None,127.33,None,128.68,None,9.00,None,0.00,None
1769797212.2051032,67.99,None,12.67,None,8.67,None,126.33,None,8.67,None,127.65,None,0.00,None,61.34,None,129.00,None,128.68,None,9.00,None,0.00,None
1769797212.2058494,67.99,None,12.67,None,8.67,None,126.33,None,8.67,None,127.65,None,0.00,None,61.34,None,129.00,None,128.68,None,9.00,None,0.00,None
1769797218.437383,67.99,None,12.67,None,8.67,None,105.33,None,8.67,None,127.65,None,0.00,None,61.34,None,129.00,None,128.68,None,9.00,None,0.00,None
1769797218.4386754,67.99,None,12.67,None,8.67,None,105.33,None,8.67,None,127.65,None,0.00,None,61.34,None,129.00,None,128.68,None,9.00,None,0.00,None
1769797223.4029012,67.99,None,12.67,None,8.67,None,123.00,None,12.67,None,127.65,None,0.00,None,43.67,None,111.33,None,125.35,None,9.00,None,0.00,None
1769797223.4036417,67.99,None,12.67,None,8.67,None,123.00,None,12.67,None,127.65,None,0.00,None,43.67,None,111.33,None,125.35,None,9.00,None,0.00,None
1769797223.4938102,67.99,None,16.67,None,8.67,None,123.00,None,12.67,None,127.65,None,0.00,None,43.67,None,129.00,None,125.35,None,9.00,None,0.00,None
1769797223.4950109,67.99,None,16.67,None,8.67,None,123.00,None,12.67,None,127.65,None,0.00,None,43.67,None,129.00,None,125.35,None,9.00,None,0.00,None
1769797238.4257917,67.99,None,12.67,None,8.67,None,123.33,None,12.67,None,77.99,None,0.00,None,35.34,None,99.00,None,100.01,None,9.00,None,0.00,None
1769797238.4268494,67.99,None,12.67,None,8.67,None,123.33,None,12.67,None,77.99,None,0.00,None,35.34,None,99.00,None,100.01,None,9.00,None,0.00,None
1769797240.4514754,67.99,None,12.67,None,8.67,None,123.33,None,12.67,None,77.99,None,0.00,None,35.34,None,120.00,None,104.01,None,9.00,None,0.00,None
1769797240.4521577,67.99,None,12.67,None,8.67,None,123.33,None,12.67,None,77.99,None,0.00,None,35.34,None,120.00,None,104.01,None,9.00,None,0.00,None
1769797240.5407555,67.99,None,12.67,None,8.67,None,123.33,None,12.67,None,86.99,None,0.00,None,35.34,None,123.33,None,112.68,None,9.00,None,0.00,None
1769797240.5419438,67.99,None,12.67,None,8.67,None,123.33,None,12.67,None,86.99,None,0.00,None,35.34,None,123.33,None,112.68,None,9.00,None,0.00,None
1769797240.640919,67.99,None,12.67,None,8.67,None,123.33,None,12.67,None,95.99,None,0.00,None,35.34,None,126.66,None,121.35,None,9.00,None,0.00,None
1769797240.642106,67.99,None,12.67,None,8.67,None,123.33,None,12.67,None,95.99,None,0.00,None,35.34,None,126.66,None,121.35,None,9.00,None,0.00,None
1769797240.7098932,67.99,None,16.67,None,8.67,None,123.33,None,12.67,None,95.99,None,0.00,None,38.67,None,126.66,None,121.35,None,9.00,None,0.00,None
1769797240.7106059,67.99,None,16.67,None,8.67,None,123.33,None,12.67,None,95.99,None,0.00,None,38.67,None,126.66,None,121.35,None,9.00,None,0.00,None
1769797240.8076272,67.99,None,16.67,None,8.67,None,123.33,None,12.67,None,95.99,None,0.00,None,38.67,None,126.66,None,121.35,None,9.00,None,0.00,None
1769797240.808794,67.99,None,16.67,None,8.67,None,123.33,None,12.67,None,95.99,None,0.00,None,38.67,None,126.66,None,121.35,None,9.00,None,0.00,None
1769797241.22431,67.99,None,16.67,None,8.67,None,123.33,None,12.67,None,104.99,None,0.00,None,46.00,None,126.66,None,121.35,None,9.00,None,0.00,None
1769797241.225007,67.99,None,16.67,None,8.67,None,123.33,None,12.67,None,104.99,None,0.00,None,46.00,None,126.66,None,121.35,None,9.00,None,0.00,None
1769797243.468543,50.32,None,16.67,None,8.67,None,110.00,None,12.67,None,118.32,None,0.00,None,46.00,None,63.66,None,86.01,None,9.00,None,0.00,None
1769797243.470011,50.32,None,16.67,None,8.67,None,110.00,None,12.67,None,118.32,None,0.00,None,46.00,None,63.66,None,86.01,None,9.00,None,0.00,None
1769797243.5554888,50.32,None,16.67,None,8.67,None,110.00,None,12.67,None,118.32,None,0.00,None,46.00,None,81.33,None,93.34,None,9.00,None,0.00,None
1769797243.5561507,50.32,None,16.67,None,8.67,None,110.00,None,12.67,None,118.32,None,0.00,None,46.00,None,81.33,None,93.34,None,9.00,None,0.00,None
1769797243.6488695,50.32,None,16.67,None,8.67,None,110.00,None,12.67,None,118.32,None,0.00,None,46.00,None,81.33,None,114.34,None,9.00,None,0.00,None
1769797243.6500518,50.32,None,16.67,None,8.67,None,110.00,None,12.67,None,118.32,None,0.00,None,46.00,None,81.33,None,114.34,None,9.00,None,0.00,None
1769797243.7078667,50.32,None,16.67,None,8.67,None,110.00,None,12.67,None,127.32,None,0.00,None,46.00,None,81.33,None,126.34,None,9.00,None,0.00,None
1769797243.7085612,50.32,None,16.67,None,8.67,None,110.00,None,12.67,None,127.32,None,0.00,None,46.00,None,81.33,None,126.34,None,9.00,None,0.00,None
1769797243.7656114,50.32,None,16.67,None,8.67,None,110.00,None,12.67,None,127.32,None,0.00,None,50.00,None,102.33,None,126.34,None,9.00,None,0.00,None
1769797243.766304,50.32,None,16.67,None,8.67,None,110.00,None,12.67,None,127.32,None,0.00,None,50.00,None,102.33,None,126.34,None,9.00,None,0.00,None
1769797243.8205745,50.32,None,16.67,None,17.67,None,126.00,None,12.67,None,127.32,None,0.00,None,50.00,None,102.33,None,126.34,None,9.00,None,0.00,None
1769797243.8212636,50.32,None,16.67,None,17.67,None,126.00,None,12.67,None,127.32,None,0.00,None,50.00,None,102.33,None,126.34,None,9.00,None,0.00,None
1769797243.8753614,50.32,None,16.67,None,17.67,None,126.00,None,16.67,None,127.32,None,0.00,None,50.00,None,102.33,None,126.34,None,9.00,None,0.00,None
1769797243.8760593,50.32,None,16.67,None,17.67,None,126.00,None,16.67,None,127.32,None,0.00,None,50.00,None,102.33,None,126.34,None,9.00,None,0.00,None
1769797253.4950292,50.32,None,16.67,None,17.67,None,126.00,None,16.67,None,115.32,None,0.00,None,50.00,None,102.33,None,117.34,None,9.00,None,0.00,None
1769797253.4962618,50.32,None,16.67,None,17.67,None,126.00,None,16.67,None,115.32,None,0.00,None,50.00,None,102.33,None,117.34,None,9.00,None,0.00,None
1769797258.4917877,50.32,None,12.67,None,17.67,None,126.00,None,16.67,None,127.32,None,0.00,None,41.00,None,102.33,None,101.34,None,9.00,None,0.00,None
1769797258.4929824,50.32,None,12.67,None,17.67,None,126.00,None,16.67,None,127.32,None,0.00,None,41.00,None,102.33,None,101.34,None,9.00,None,0.00,None
1769797258.5819528,50.32,None,12.67,None,17.67,None,126.00,None,16.67,None,127.32,None,0.00,None,41.00,None,102.33,None,126.34,None,9.00,None,0.00,None
1769797258.5829933,50.32,None,12.67,None,17.67,None,126.00,None,16.67,None,127.32,None,0.00,None,41.00,None,102.33,None,126.34,None,9.00,None,0.00,None
1769797262.489317,50.32,None,16.67,None,17.67,None,126.00,None,16.67,None,127.32,None,0.00,None,41.00,None,102.33,None,126.34,None,9.00,None,0.00,None
1769797262.4904969,50.32,None,16.67,None,17.67,None,126.00,None,16.67,None,127.32,None,0.00,None,41.00,None,102.33,None,126.34,None,9.00,None,0.00,None
1769797262.5858095,50.32,None,16.67,None,17.67,None,126.00,None,16.67,None,127.32,None,0.00,None,41.00,None,102.33,None,126.34,None,9.00,None,0.00,None
1769797262.5870297,50.32,None,16.67,None,17.67,None,126.00,None,16.67,None,127.32,None,0.00,None,41.00,None,102.33,None,126.34,None,9.00,None,0.00,None
1769797262.6831849,50.32,None,16.67,None,26.34,None,126.00,None,16.67,None,127.32,None,0.00,None,41.00,None,102.33,None,126.34,None,9.00,None,0.00,None
1769797262.6845078,50.32,None,16.67,None,26.34,None,126.00,None,16.67,None,127.32,None,0.00,None,41.00,None,102.33,None,126.34,None,9.00,None,0.00,None
1769797262.7842908,50.32,None,16.67,None,26.34,None,126.00,None,25.67,None,127.32,None,0.00,None,41.00,None,102.33,None,126.34,None,9.00,None,0.00,None
1769797262.7855253,50.32,None,16.67,None,26.34,None,126.00,None,25.67,None,127.32,None,0.00,None,41.00,None,102.33,None,126.34,None,9.00,None,0.00,None
1769797263.3818986,50.32,None,16.67,None,26.34,None,126.00,None,43.34,None,127.32,None,0.00,None,41.00,None,102.33,None,126.34,None,9.00,None,0.00,None
1769797263.3826227,50.32,None,16.67,None,26.34,None,126.00,None,43.34,None,127.32,None,0.00,None,41.00,None,102.33,None,126.34,None,9.00,None,0.00,None
1769797263.457847,59.32,None,16.67,None,26.34,None,126.00,None,43.34,None,127.32,None,0.00,None,41.00,None,102.33,None,126.34,None,9.00,None,0.00,None
1769797263.4591103,59.32,None,16.67,None,26.34,None,126.00,None,43.34,None,127.32,None,0.00,None,41.00,None,102.33,None,126.34,None,9.00,None,0.00,None
1769797263.543765,50.99,None,8.00,None,26.34,None,96.00,None,43.34,None,117.32,None,0.00,None,32.00,None,109.33,None,117.67,None,9.00,None,0.00,None
1769797263.5444567,50.99,None,8.00,None,26.34,None,96.00,None,43.34,None,117.32,None,0.00,None,32.00,None,109.33,None,117.67,None,9.00,None,0.00,None
1769797263.6358645,50.99,None,8.00,None,26.34,None,113.67,None,43.34,None,121.32,None,0.00,None,32.00,None,109.33,None,117.67,None,9.00,None,0.00,None
1769797263.6370487,50.99,None,8.00,None,26.34,None,113.67,None,43.34,None,121.32,None,0.00,None,32.00,None,109.33,None,117.67,None,9.00,None,0.00,None
1769797263.7304475,63.66,None,8.00,None,26.34,None,113.67,None,52.34,None,121.32,None,0.00,None,32.00,None,109.33,None,117.67,None,9.00,None,0.00,None
1769797263.7316816,63.66,None,8.00,None,26.34,None,113.67,None,52.34,None,121.32,None,0.00,None,32.00,None,109.33,None,117.67,None,9.00,None,0.00,None
1769797263.8252656,63.66,None,8.00,None,26.34,None,113.67,None,52.34,None,121.32,None,0.00,None,32.00,None,109.33,None,117.67,None,9.00,None,0.00,None
1769797263.8260195,63.66,None,8.00,None,26.34,None,113.67,None,52.34,None,121.32,None,0.00,None,32.00,None,109.33,None,117.67,None,9.00,None,0.00,None
1769797278.5464058,60.67,None,8.00,None,26.34,None,106.34,None,52.34,None,121.32,None,0.00,None,14.66,None,95.33,None,79.00,None,9.00,None,0.00,None
1769797278.5471034,60.67,None,8.00,None,26.34,None,106.34,None,52.34,None,121.32,None,0.00,None,14.66,None,95.33,None,79.00,None,9.00,None,0.00,None
1769797282.4994943,44.67,None,8.00,None,17.34,None,121.34,None,39.34,None,121.32,None,0.00,None,14.66,None,95.33,None,49.67,None,0.00,None,0.00,None
1769797282.5006802,44.67,None,8.00,None,17.34,None,121.34,None,39.34,None,121.32,None,0.00,None,14.66,None,95.33,None,49.67,None,0.00,None,0.00,None
1769797282.5999253,44.67,None,8.00,None,17.34,None,124.67,None,39.34,None,121.32,None,0.00,None,14.66,None,95.33,None,58.67,None,0.00,None,0.00,None
1769797282.601098,44.67,None,8.00,None,17.34,None,124.67,None,39.34,None,121.32,None,0.00,None,14.66,None,95.33,None,58.67,None,0.00,None,0.00,None
1769797282.6950943,53.67,None,8.00,None,17.34,None,128.00,None,39.34,None,121.32,None,0.00,None,14.66,None,95.33,None,58.67,None,0.00,None,0.00,None
1769797282.6962547,53.67,None,8.00,None,17.34,None,128.00,None,39.34,None,121.32,None,0.00,None,14.66,None,95.33,None,58.67,None,0.00,None,0.00,None
1769797282.7940505,53.67,None,8.00,None,17.34,None,128.00,None,39.34,None,128.98,None,0.00,None,23.66,None,104.00,None,62.67,None,0.00,None,0.00,None
1769797282.7952566,53.67,None,8.00,None,17.34,None,128.00,None,39.34,None,128.98,None,0.00,None,23.66,None,104.00,None,62.67,None,0.00,None,0.00,None
1769797282.8781106,53.67,None,8.00,None,17.34,None,128.00,None,39.34,None,128.98,None,0.00,None,23.66,None,104.00,None,62.67,None,0.00,None,0.00,None
1769797282.8788183,53.67,None,8.00,None,17.34,None,128.00,None,39.34,None,128.98,None,0.00,None,23.66,None,104.00,None,62.67,None,0.00,None,0.00,None
1769797282.94558,53.67,None,8.00,None,17.34,None,128.00,None,39.34,None,128.98,None,0.00,None,23.66,None,104.00,None,62.67,None,0.00,None,0.00,None
1769797282.9462805,53.67,None,8.00,None,17.34,None,128.00,None,39.34,None,128.98,None,0.00,None,23.66,None,104.00,None,62.67,None,0.00,None,0.00,None
